25
4 20
1 1 2 2
3 2 1 2
4 0
3 1 2
3 1 2
4 4 3 3 4 3
4 2 1 3
3 0
4 1 1
4 0
2 1 2
3 1 3
2 0
4 2 1 1
2 2 1 4
3 6 2 4 3 2 3 2
3 0
2 3 3 4 2
1 1 4
2 0
3 3 3 3 3
1 15
3
1 0
3 0
3 0
2 1 3
3 0
1 0
1 0
3 1 2
1 1 1
1 2 1 3
2 1 2
1 5 2 1 3 1 1
1 2 2 1
2 1 1
3 0
2 13
2 2
2 1 2
2 0
2 1 2
2 1 2
2 3 2 2 2
2 0
2 1 2
2 0
2 2 2 2
2 1 2
2 0
2 0
2 0
1 1
2
1 3 1 2 3
3 19
1 1 1
1 0
1 0
1 0
1 0
1 0
1 0
1 1 1
1 1 1
1 1 1
1 1 1
1 1 1
1 1 1
1 1 1
1 1 1
1 1 1
1 2 1 1
1 2 1 1
1 2 1 1
1 2 1 1
3 15
2 2 1
3 1 3
2 0
1 0
3 1 2
3 1 2
2 2 2 1
3 4 2 2 1 3
2 0
3 1 2
1 0
1 3 3 3 2
3 2 1 3
3 2 2 3
3 1 1
2 2 3 3
1 20
3
3 0
2 0
3 1 1
2 1 3
1 0
2 3 2 1 1
1 0
3 2 2 1
1 1 1
2 1 2
1 1 3
1 2 1 3
1 1 2
3 2 1 3
3 1 2
3 0
2 1 3
2 0
1 2 1 2
2 1 3
3 5
2 1 2
1 0
1 2 2 1
2 1 2
1 1 2
1 2 1 1
2 20
3 5
2 2 13 4
18 1 7
12 2 12 18
14 1 11
6 2 16 10
8 2 9 1
1 1 19
5 4 19 3 12 5
9 3 15 16 15
17 1 13
15 1 14
3 1 17
20 2 16 8
11 1 2
10 2 2 11
16 3 2 6 7
13 2 2 16
4 2 19 20
19 2 13 3
7 3 12 18 9
3 10
1 2 2
2 2 1 2
2 2 2 1
1 0
2 2 2 1
1 1 1
1 1 1
2 2 2 2
1 1 1
2 2 1 2
2 1 1
10 20
1 2 3 4 5 6 7 8 9 10
4 1 4
2 1 2
3 0
7 1 7
6 0
1 1 1
1 0
5 0
10 0
8 1 8
5 1 5
9 1 9
9 0
7 0
6 1 6
10 1 10
2 0
4 0
3 1 3
8 0
6 20
3 2 2 2 1 2
1 1 1
4 3 2 4 4
3 2 3 2
3 3 4 4 1
2 1 4
2 2 1 1
4 3 3 4 3
3 2 2 3
4 3 3 1 2
2 0
2 1 3
4 1 2
4 0
1 2 2 1
2 0
4 5 1 1 1 2 4
3 2 2 1
4 2 2 2
4 0
4 1 2
1 1
2
2 3 1 2 3
3 3
1 1 1
1 0
1 0
1 0
1 4
1
1 0
1 2 1 3
2 0
3 1 2
1 1
2
2 0
5 20
1 3 2 3 2
2 0
2 1 2
2 0
3 2 1 3
1 2 1 2
2 0
1 0
2 0
1 2 3 1
3 2 1 1
1 2 3 1
1 1 3
1 0
2 1 2
1 0
1 2 2 1
3 0
3 1 3
3 2 3 3
3 0
1 2
2
2 0
2 1 2
3 20
17 15 20
10 1 4
18 1 10
7 1 18
11 2 9 7
2 2 14 11
5 1 2
13 3 3 5 11
4 1 13
3 2 20 4
1 1 3
8 1 1
12 1 8
14 1 12
17 1 14
16 2 6 17
9 1 16
19 1 9
6 2 17 19
20 1 6
15 1 20
1 1
2
1 1 1
2 9
13 13
13 2 13 13
13 1 13
13 1 13
13 1 13
13 1 13
13 0
13 0
13 0
13 1 13
2 10
4 2
4 3 2 4 6
2 3 1 6 5
5 2 4 5
4 0
5 1 5
4 2 5 4
5 1 5
4 0
2 2 3 5
3 0
3 20
2 1 2
1 3 3 2 1
3 1 3
1 2 1 1
2 3 2 3 3
2 2 3 1
3 2 3 3
2 3 2 1 1
1 0
2 0
3 0
2 2 2 1
3 0
3 0
2 2 1 3
1 1 1
3 1 1
2 2 3 3
1 0
2 3 3 3 3
3 0
23 5
3 2 1 1 3 4 3 1 2 4 4 4 3 3 4 1 1 2 2 2 2 4 3
2 2 3 2
3 1 3
3 0
1 2 1 1
4 1 3
20 15
5 1 1 1 5 5 5 1 3 4 3 5 4 4 3 4 4 3 4 3
1 3 1 5 3
3 0
4 2 4 4
2 0
3 1 4
4 3 1 2 5
2 0
2 3 5 4 5
5 0
5 1 5
5 2 1 5
1 3 4 5 1
5 0
2 1 1
4 1 3
