5
2
1 1
7
7 1 5 9 6 7 3
7
1 4 4 4 4 1 1
4
1 8 2 2
6400
7 1 5 9 6 7 3 100 100 90 70 4 3 22 11 5 88 99 66 20 7 1 5 9 6 7 3 100 100 90 70 4 3 22 11 5 88 99 66 20 7 1 5 9 6 7 3 100 100 90 70 4 3 22 11 5 88 99 66 20 7 1 5 9 6 7 3 100 100 90 70 4 3 22 11 5 88 99 66 20 7 1 5 9 6 7 3 100 100 90 70 4 3 22 11 5 88 99 66 20 7 1 5 9 6 7 3 100 100 90 70 4 3 22 11 5 88 99 66 20 7 1 5 9 6 7 3 100 100 90 70 4 3 22 11 5 88 99 66 20 7 1 5 9 6 7 3 100 100 90 70 4 3 22 11 5 88 99 66 20 7 1 5 9 6 7 3 100 100 90 70 4 3 22 11 5 88 99 66 20 7 1 5 9 6 7 3 100 100 90 70 4 3 22 11 5 88 99 66 20 7 1 5 9 6 7 3 100 100 90 70 4 3 22 11 5 88 99 66 20 7 1 5 9 6 7 3 100 100 90 70 4 3 22 11 5 88 99 66 20 7 1 5 9 6 7 3 100 100 90 70 4 3 22 11 5 88 99 66 20 7 1 5 9 6 7 3 100 100 90 70 4 3 22 11 5 88 99 66 20 7 1 5 9 6 7 3 100 100 90 70 4 3 22 11 5 88 99 66 20 7 1 5 9 6 7 3 100 100 90 70 4 3 22 11 5 88 99 66 20 7 1 5 9 6 7 3 100 100 90 70 4 3 22 11 5 88 99 66 20 7 1 5 9 6 7 3 100 100 90 70 4 3 22 11 5 88 99 66 20 7 1 5 9 6 7 3 100 100 90 70 4 3 22 11 5 88 99 66 20 7 1 5 9 6 7 3 100 100 90 70 4 3 22 11 5 88 99 66 20 7 1 5 9 6 7 3 100 100 90 70 4 3 22 11 5 88 99 66 20 7 1 5 9 6 7 3 100 100 90 70 4 3 22 11 5 88 99 66 20 7 1 5 9 6 7 3 100 100 90 70 4 3 22 11 5 88 99 66 20 7 1 5 9 6 7 3 100 100 90 70 4 3 22 11 5 88 99 66 20 7 1 5 9 6 7 3 100 100 90 70 4 3 22 11 5 88 99 66 20 7 1 5 9 6 7 3 100 100 90 70 4 3 22 11 5 88 99 66 20 7 1 5 9 6 7 3 100 100 90 70 4 3 22 11 5 88 99 66 20 7 1 5 9 6 7 3 100 100 90 70 4 3 22 11 5 88 99 66 20 7 1 5 9 6 7 3 100 100 90 70 4 3 22 11 5 88 99 66 20 7 1 5 9 6 7 3 100 100 90 70 4 3 22 11 5 88 99 66 20 7 1 5 9 6 7 3 100 100 90 70 4 3 22 11 5 88 99 66 20 7 1 5 9 6 7 3 100 100 90 70 4 3 22 11 5 88 99 66 20 7 1 5 9 6 7 3 100 100 90 70 4 3 22 11 5 88 99 66 20 7 1 5 9 6 7 3 100 100 90 70 4 3 22 11 5 88 99 66 20 7 1 5 9 6 7 3 100 100 90 70 4 3 22 11 5 88 99 66 20 7 1 5 9 6 7 3 100 100 90 70 4 3 22 11 5 88 99 66 20 7 1 5 9 6 7 3 100 100 90 70 4 3 22 11 5 88 99 66 20 7 1 5 9 6 7 3 100 100 90 70 4 3 22 11 5 88 99 66 20 7 1 5 9 6 7 3 100 100 90 70 4 3 22 11 5 88 99 66 20 7 1 5 9 6 7 3 100 100 90 70 4 3 22 11 5 88 99 66 20 7 1 5 9 6 7 3 100 100 90 70 4 3 22 11 5 88 99 66 20 7 1 5 9 6 7 3 100 100 90 70 4 3 22 11 5 88 99 66 20 7 1 5 9 6 7 3 100 100 90 70 4 3 22 11 5 88 99 66 20 7 1 5 9 6 7 3 100 100 90 70 4 3 22 11 5 88 99 66 20 7 1 5 9 6 7 3 100 100 90 70 4 3 22 11 5 88 99 66 20 7 1 5 9 6 7 3 100 100 90 70 4 3 22 11 5 88 99 66 20 7 1 5 9 6 7 3 100 100 90 70 4 3 22 11 5 88 99 66 20 7 1 5 9 6 7 3 100 100 90 70 4 3 22 11 5 88 99 66 20 7 1 5 9 6 7 3 100 100 90 70 4 3 22 11 5 88 99 66 20 7 1 5 9 6 7 3 100 100 90 70 4 3 22 11 5 88 99 66 20 7 1 5 9 6 7 3 100 100 90 70 4 3 22 11 5 88 99 66 20 7 1 5 9 6 7 3 100 100 90 70 4 3 22 11 5 88 99 66 20 7 1 5 9 6 7 3 100 100 90 70 4 3 22 11 5 88 99 66 20 7 1 5 9 6 7 3 100 100 90 70 4 3 22 11 5 88 99 66 20 7 1 5 9 6 7 3 100 100 90 70 4 3 22 11 5 88 99 66 20 7 1 5 9 6 7 3 100 100 90 70 4 3 22 11 5 88 99 66 20 7 1 5 9 6 7 3 100 100 90 70 4 3 22 11 5 88 99 66 20 7 1 5 9 6 7 3 100 100 90 70 4 3 22 11 5 88 99 66 20 7 1 5 9 6 7 3 100 100 90 70 4 3 22 11 5 88 99 66 20 7 1 5 9 6 7 3 100 100 90 70 4 3 22 11 5 88 99 66 20 7 1 5 9 6 7 3 100 100 90 70 4 3 22 11 5 88 99 66 20 7 1 5 9 6 7 3 100 100 90 70 4 3 22 11 5 88 99 66 20 7 1 5 9 6 7 3 100 100 90 70 4 3 22 11 5 88 99 66 20 7 1 5 9 6 7 3 100 100 90 70 4 3 22 11 5 88 99 66 20 7 1 5 9 6 7 3 100 100 90 70 4 3 22 11 5 88 99 66 20 7 1 5 9 6 7 3 100 100 90 70 4 3 22 11 5 88 99 66 20 7 1 5 9 6 7 3 100 100 90 70 4 3 22 11 5 88 99 66 20 7 1 5 9 6 7 3 100 100 90 70 4 3 22 11 5 88 99 66 20 7 1 5 9 6 7 3 100 100 90 70 4 3 22 11 5 88 99 66 20 7 1 5 9 6 7 3 100 100 90 70 4 3 22 11 5 88 99 66 20 7 1 5 9 6 7 3 100 100 90 70 4 3 22 11 5 88 99 66 20 7 1 5 9 6 7 3 100 100 90 70 4 3 22 11 5 88 99 66 20 7 1 5 9 6 7 3 100 100 90 70 4 3 22 11 5 88 99 66 20 7 1 5 9 6 7 3 100 100 90 70 4 3 22 11 5 88 99 66 20 7 1 5 9 6 7 3 100 100 90 70 4 3 22 11 5 88 99 66 20 7 1 5 9 6 7 3 100 100 90 70 4 3 22 11 5 88 99 66 20 7 1 5 9 6 7 3 100 100 90 70 4 3 22 11 5 88 99 66 20 7 1 5 9 6 7 3 100 100 90 70 4 3 22 11 5 88 99 66 20 7 1 5 9 6 7 3 100 100 90 70 4 3 22 11 5 88 99 66 20 7 1 5 9 6 7 3 100 100 90 70 4 3 22 11 5 88 99 66 20 7 1 5 9 6 7 3 100 100 90 70 4 3 22 11 5 88 99 66 20 7 1 5 9 6 7 3 100 100 90 70 4 3 22 11 5 88 99 66 20 7 1 5 9 6 7 3 100 100 90 70 4 3 22 11 5 88 99 66 20 7 1 5 9 6 7 3 100 100 90 70 4 3 22 11 5 88 99 66 20 7 1 5 9 6 7 3 100 100 90 70 4 3 22 11 5 88 99 66 20 7 1 5 9 6 7 3 100 100 90 70 4 3 22 11 5 88 99 66 20 7 1 5 9 6 7 3 100 100 90 70 4 3 22 11 5 88 99 66 20 7 1 5 9 6 7 3 100 100 90 70 4 3 22 11 5 88 99 66 20 7 1 5 9 6 7 3 100 100 90 70 4 3 22 11 5 88 99 66 20 7 1 5 9 6 7 3 100 100 90 70 4 3 22 11 5 88 99 66 20 7 1 5 9 6 7 3 100 100 90 70 4 3 22 11 5 88 99 66 20 7 1 5 9 6 7 3 100 100 90 70 4 3 22 11 5 88 99 66 20 7 1 5 9 6 7 3 100 100 90 70 4 3 22 11 5 88 99 66 20 7 1 5 9 6 7 3 100 100 90 70 4 3 22 11 5 88 99 66 20 7 1 5 9 6 7 3 100 100 90 70 4 3 22 11 5 88 99 66 20 7 1 5 9 6 7 3 100 100 90 70 4 3 22 11 5 88 99 66 20 7 1 5 9 6 7 3 100 100 90 70 4 3 22 11 5 88 99 66 20 7 1 5 9 6 7 3 100 100 90 70 4 3 22 11 5 88 99 66 20 7 1 5 9 6 7 3 100 100 90 70 4 3 22 11 5 88 99 66 20 7 1 5 9 6 7 3 100 100 90 70 4 3 22 11 5 88 99 66 20 7 1 5 9 6 7 3 100 100 90 70 4 3 22 11 5 88 99 66 20 7 1 5 9 6 7 3 100 100 90 70 4 3 22 11 5 88 99 66 20 7 1 5 9 6 7 3 100 100 90 70 4 3 22 11 5 88 99 66 20 7 1 5 9 6 7 3 100 100 90 70 4 3 22 11 5 88 99 66 20 7 1 5 9 6 7 3 100 100 90 70 4 3 22 11 5 88 99 66 20 7 1 5 9 6 7 3 100 100 90 70 4 3 22 11 5 88 99 66 20 7 1 5 9 6 7 3 100 100 90 70 4 3 22 11 5 88 99 66 20 7 1 5 9 6 7 3 100 100 90 70 4 3 22 11 5 88 99 66 20 7 1 5 9 6 7 3 100 100 90 70 4 3 22 11 5 88 99 66 20 7 1 5 9 6 7 3 100 100 90 70 4 3 22 11 5 88 99 66 20 7 1 5 9 6 7 3 100 100 90 70 4 3 22 11 5 88 99 66 20 7 1 5 9 6 7 3 100 100 90 70 4 3 22 11 5 88 99 66 20 7 1 5 9 6 7 3 100 100 90 70 4 3 22 11 5 88 99 66 20 7 1 5 9 6 7 3 100 100 90 70 4 3 22 11 5 88 99 66 20 7 1 5 9 6 7 3 100 100 90 70 4 3 22 11 5 88 99 66 20 7 1 5 9 6 7 3 100 100 90 70 4 3 22 11 5 88 99 66 20 7 1 5 9 6 7 3 100 100 90 70 4 3 22 11 5 88 99 66 20 7 1 5 9 6 7 3 100 100 90 70 4 3 22 11 5 88 99 66 20 7 1 5 9 6 7 3 100 100 90 70 4 3 22 11 5 88 99 66 20 7 1 5 9 6 7 3 100 100 90 70 4 3 22 11 5 88 99 66 20 7 1 5 9 6 7 3 100 100 90 70 4 3 22 11 5 88 99 66 20 7 1 5 9 6 7 3 100 100 90 70 4 3 22 11 5 88 99 66 20 7 1 5 9 6 7 3 100 100 90 70 4 3 22 11 5 88 99 66 20 7 1 5 9 6 7 3 100 100 90 70 4 3 22 11 5 88 99 66 20 7 1 5 9 6 7 3 100 100 90 70 4 3 22 11 5 88 99 66 20 7 1 5 9 6 7 3 100 100 90 70 4 3 22 11 5 88 99 66 20 7 1 5 9 6 7 3 100 100 90 70 4 3 22 11 5 88 99 66 20 7 1 5 9 6 7 3 100 100 90 70 4 3 22 11 5 88 99 66 20 7 1 5 9 6 7 3 100 100 90 70 4 3 22 11 5 88 99 66 20 7 1 5 9 6 7 3 100 100 90 70 4 3 22 11 5 88 99 66 20 7 1 5 9 6 7 3 100 100 90 70 4 3 22 11 5 88 99 66 20 7 1 5 9 6 7 3 100 100 90 70 4 3 22 11 5 88 99 66 20 7 1 5 9 6 7 3 100 100 90 70 4 3 22 11 5 88 99 66 20 7 1 5 9 6 7 3 100 100 90 70 4 3 22 11 5 88 99 66 20 7 1 5 9 6 7 3 100 100 90 70 4 3 22 11 5 88 99 66 20 7 1 5 9 6 7 3 100 100 90 70 4 3 22 11 5 88 99 66 20 7 1 5 9 6 7 3 100 100 90 70 4 3 22 11 5 88 99 66 20 7 1 5 9 6 7 3 100 100 90 70 4 3 22 11 5 88 99 66 20 7 1 5 9 6 7 3 100 100 90 70 4 3 22 11 5 88 99 66 20 7 1 5 9 6 7 3 100 100 90 70 4 3 22 11 5 88 99 66 20 7 1 5 9 6 7 3 100 100 90 70 4 3 22 11 5 88 99 66 20 7 1 5 9 6 7 3 100 100 90 70 4 3 22 11 5 88 99 66 20 7 1 5 9 6 7 3 100 100 90 70 4 3 22 11 5 88 99 66 20 7 1 5 9 6 7 3 100 100 90 70 4 3 22 11 5 88 99 66 20 7 1 5 9 6 7 3 100 100 90 70 4 3 22 11 5 88 99 66 20 7 1 5 9 6 7 3 100 100 90 70 4 3 22 11 5 88 99 66 20 7 1 5 9 6 7 3 100 100 90 70 4 3 22 11 5 88 99 66 20 7 1 5 9 6 7 3 100 100 90 70 4 3 22 11 5 88 99 66 20 7 1 5 9 6 7 3 100 100 90 70 4 3 22 11 5 88 99 66 20 7 1 5 9 6 7 3 100 100 90 70 4 3 22 11 5 88 99 66 20 7 1 5 9 6 7 3 100 100 90 70 4 3 22 11 5 88 99 66 20 7 1 5 9 6 7 3 100 100 90 70 4 3 22 11 5 88 99 66 20 7 1 5 9 6 7 3 100 100 90 70 4 3 22 11 5 88 99 66 20 7 1 5 9 6 7 3 100 100 90 70 4 3 22 11 5 88 99 66 20 7 1 5 9 6 7 3 100 100 90 70 4 3 22 11 5 88 99 66 20 7 1 5 9 6 7 3 100 100 90 70 4 3 22 11 5 88 99 66 20 7 1 5 9 6 7 3 100 100 90 70 4 3 22 11 5 88 99 66 20 7 1 5 9 6 7 3 100 100 90 70 4 3 22 11 5 88 99 66 20 7 1 5 9 6 7 3 100 100 90 70 4 3 22 11 5 88 99 66 20 7 1 5 9 6 7 3 100 100 90 70 4 3 22 11 5 88 99 66 20 7 1 5 9 6 7 3 100 100 90 70 4 3 22 11 5 88 99 66 20 7 1 5 9 6 7 3 100 100 90 70 4 3 22 11 5 88 99 66 20 7 1 5 9 6 7 3 100 100 90 70 4 3 22 11 5 88 99 66 20 7 1 5 9 6 7 3 100 100 90 70 4 3 22 11 5 88 99 66 20 7 1 5 9 6 7 3 100 100 90 70 4 3 22 11 5 88 99 66 20 7 1 5 9 6 7 3 100 100 90 70 4 3 22 11 5 88 99 66 20 7 1 5 9 6 7 3 100 100 90 70 4 3 22 11 5 88 99 66 20 7 1 5 9 6 7 3 100 100 90 70 4 3 22 11 5 88 99 66 20 7 1 5 9 6 7 3 100 100 90 70 4 3 22 11 5 88 99 66 20 7 1 5 9 6 7 3 100 100 90 70 4 3 22 11 5 88 99 66 20 7 1 5 9 6 7 3 100 100 90 70 4 3 22 11 5 88 99 66 20 7 1 5 9 6 7 3 100 100 90 70 4 3 22 11 5 88 99 66 20 7 1 5 9 6 7 3 100 100 90 70 4 3 22 11 5 88 99 66 20 7 1 5 9 6 7 3 100 100 90 70 4 3 22 11 5 88 99 66 20 7 1 5 9 6 7 3 100 100 90 70 4 3 22 11 5 88 99 66 20 7 1 5 9 6 7 3 100 100 90 70 4 3 22 11 5 88 99 66 20 7 1 5 9 6 7 3 100 100 90 70 4 3 22 11 5 88 99 66 20 7 1 5 9 6 7 3 100 100 90 70 4 3 22 11 5 88 99 66 20 7 1 5 9 6 7 3 100 100 90 70 4 3 22 11 5 88 99 66 20 7 1 5 9 6 7 3 100 100 90 70 4 3 22 11 5 88 99 66 20 7 1 5 9 6 7 3 100 100 90 70 4 3 22 11 5 88 99 66 20 7 1 5 9 6 7 3 100 100 90 70 4 3 22 11 5 88 99 66 20 7 1 5 9 6 7 3 100 100 90 70 4 3 22 11 5 88 99 66 20 7 1 5 9 6 7 3 100 100 90 70 4 3 22 11 5 88 99 66 20 7 1 5 9 6 7 3 100 100 90 70 4 3 22 11 5 88 99 66 20 7 1 5 9 6 7 3 100 100 90 70 4 3 22 11 5 88 99 66 20 7 1 5 9 6 7 3 100 100 90 70 4 3 22 11 5 88 99 66 20 7 1 5 9 6 7 3 100 100 90 70 4 3 22 11 5 88 99 66 20 7 1 5 9 6 7 3 100 100 90 70 4 3 22 11 5 88 99 66 20 7 1 5 9 6 7 3 100 100 90 70 4 3 22 11 5 88 99 66 20 7 1 5 9 6 7 3 100 100 90 70 4 3 22 11 5 88 99 66 20 7 1 5 9 6 7 3 100 100 90 70 4 3 22 11 5 88 99 66 20 7 1 5 9 6 7 3 100 100 90 70 4 3 22 11 5 88 99 66 20 7 1 5 9 6 7 3 100 100 90 70 4 3 22 11 5 88 99 66 20 7 1 5 9 6 7 3 100 100 90 70 4 3 22 11 5 88 99 66 20 7 1 5 9 6 7 3 100 100 90 70 4 3 22 11 5 88 99 66 20 7 1 5 9 6 7 3 100 100 90 70 4 3 22 11 5 88 99 66 20 7 1 5 9 6 7 3 100 100 90 70 4 3 22 11 5 88 99 66 20 7 1 5 9 6 7 3 100 100 90 70 4 3 22 11 5 88 99 66 20 7 1 5 9 6 7 3 100 100 90 70 4 3 22 11 5 88 99 66 20 7 1 5 9 6 7 3 100 100 90 70 4 3 22 11 5 88 99 66 20 7 1 5 9 6 7 3 100 100 90 70 4 3 22 11 5 88 99 66 20 7 1 5 9 6 7 3 100 100 90 70 4 3 22 11 5 88 99 66 20 7 1 5 9 6 7 3 100 100 90 70 4 3 22 11 5 88 99 66 20 7 1 5 9 6 7 3 100 100 90 70 4 3 22 11 5 88 99 66 20 7 1 5 9 6 7 3 100 100 90 70 4 3 22 11 5 88 99 66 20 7 1 5 9 6 7 3 100 100 90 70 4 3 22 11 5 88 99 66 20 7 1 5 9 6 7 3 100 100 90 70 4 3 22 11 5 88 99 66 20 7 1 5 9 6 7 3 100 100 90 70 4 3 22 11 5 88 99 66 20 7 1 5 9 6 7 3 100 100 90 70 4 3 22 11 5 88 99 66 20 7 1 5 9 6 7 3 100 100 90 70 4 3 22 11 5 88 99 66 20 7 1 5 9 6 7 3 100 100 90 70 4 3 22 11 5 88 99 66 20 7 1 5 9 6 7 3 100 100 90 70 4 3 22 11 5 88 99 66 20 7 1 5 9 6 7 3 100 100 90 70 4 3 22 11 5 88 99 66 20 7 1 5 9 6 7 3 100 100 90 70 4 3 22 11 5 88 99 66 20 7 1 5 9 6 7 3 100 100 90 70 4 3 22 11 5 88 99 66 20 7 1 5 9 6 7 3 100 100 90 70 4 3 22 11 5 88 99 66 20 7 1 5 9 6 7 3 100 100 90 70 4 3 22 11 5 88 99 66 20 7 1 5 9 6 7 3 100 100 90 70 4 3 22 11 5 88 99 66 20 7 1 5 9 6 7 3 100 100 90 70 4 3 22 11 5 88 99 66 20 7 1 5 9 6 7 3 100 100 90 70 4 3 22 11 5 88 99 66 20 7 1 5 9 6 7 3 100 100 90 70 4 3 22 11 5 88 99 66 20 7 1 5 9 6 7 3 100 100 90 70 4 3 22 11 5 88 99 66 20 7 1 5 9 6 7 3 100 100 90 70 4 3 22 11 5 88 99 66 20 7 1 5 9 6 7 3 100 100 90 70 4 3 22 11 5 88 99 66 20 7 1 5 9 6 7 3 100 100 90 70 4 3 22 11 5 88 99 66 20 7 1 5 9 6 7 3 100 100 90 70 4 3 22 11 5 88 99 66 20 7 1 5 9 6 7 3 100 100 90 70 4 3 22 11 5 88 99 66 20 7 1 5 9 6 7 3 100 100 90 70 4 3 22 11 5 88 99 66 20 7 1 5 9 6 7 3 100 100 90 70 4 3 22 11 5 88 99 66 20 7 1 5 9 6 7 3 100 100 90 70 4 3 22 11 5 88 99 66 20 7 1 5 9 6 7 3 100 100 90 70 4 3 22 11 5 88 99 66 20 7 1 5 9 6 7 3 100 100 90 70 4 3 22 11 5 88 99 66 20 7 1 5 9 6 7 3 100 100 90 70 4 3 22 11 5 88 99 66 20 7 1 5 9 6 7 3 100 100 90 70 4 3 22 11 5 88 99 66 20 7 1 5 9 6 7 3 100 100 90 70 4 3 22 11 5 88 99 66 20 7 1 5 9 6 7 3 100 100 90 70 4 3 22 11 5 88 99 66 20 7 1 5 9 6 7 3 100 100 90 70 4 3 22 11 5 88 99 66 20 7 1 5 9 6 7 3 100 100 90 70 4 3 22 11 5 88 99 66 20 7 1 5 9 6 7 3 100 100 90 70 4 3 22 11 5 88 99 66 20 7 1 5 9 6 7 3 100 100 90 70 4 3 22 11 5 88 99 66 20 7 1 5 9 6 7 3 100 100 90 70 4 3 22 11 5 88 99 66 20 7 1 5 9 6 7 3 100 100 90 70 4 3 22 11 5 88 99 66 20 7 1 5 9 6 7 3 100 100 90 70 4 3 22 11 5 88 99 66 20 7 1 5 9 6 7 3 100 100 90 70 4 3 22 11 5 88 99 66 20 7 1 5 9 6 7 3 100 100 90 70 4 3 22 11 5 88 99 66 20 7 1 5 9 6 7 3 100 100 90 70 4 3 22 11 5 88 99 66 20 7 1 5 9 6 7 3 100 100 90 70 4 3 22 11 5 88 99 66 20 7 1 5 9 6 7 3 100 100 90 70 4 3 22 11 5 88 99 66 20 7 1 5 9 6 7 3 100 100 90 70 4 3 22 11 5 88 99 66 20 7 1 5 9 6 7 3 100 100 90 70 4 3 22 11 5 88 99 66 20 7 1 5 9 6 7 3 100 100 90 70 4 3 22 11 5 88 99 66 20 7 1 5 9 6 7 3 100 100 90 70 4 3 22 11 5 88 99 66 20 7 1 5 9 6 7 3 100 100 90 70 4 3 22 11 5 88 99 66 20 7 1 5 9 6 7 3 100 100 90 70 4 3 22 11 5 88 99 66 20 7 1 5 9 6 7 3 100 100 90 70 4 3 22 11 5 88 99 66 20 7 1 5 9 6 7 3 100 100 90 70 4 3 22 11 5 88 99 66 20 7 1 5 9 6 7 3 100 100 90 70 4 3 22 11 5 88 99 66 20 7 1 5 9 6 7 3 100 100 90 70 4 3 22 11 5 88 99 66 20 7 1 5 9 6 7 3 100 100 90 70 4 3 22 11 5 88 99 66 20 7 1 5 9 6 7 3 100 100 90 70 4 3 22 11 5 88 99 66 20 7 1 5 9 6 7 3 100 100 90 70 4 3 22 11 5 88 99 66 20 7 1 5 9 6 7 3 100 100 90 70 4 3 22 11 5 88 99 66 20 7 1 5 9 6 7 3 100 100 90 70 4 3 22 11 5 88 99 66 20 7 1 5 9 6 7 3 100 100 90 70 4 3 22 11 5 88 99 66 20 7 1 5 9 6 7 3 100 100 90 70 4 3 22 11 5 88 99 66 20 7 1 5 9 6 7 3 100 100 90 70 4 3 22 11 5 88 99 66 20 7 1 5 9 6 7 3 100 100 90 70 4 3 22 11 5 88 99 66 20 7 1 5 9 6 7 3 100 100 90 70 4 3 22 11 5 88 99 66 20 7 1 5 9 6 7 3 100 100 90 70 4 3 22 11 5 88 99 66 20 7 1 5 9 6 7 3 100 100 90 70 4 3 22 11 5 88 99 66 20 7 1 5 9 6 7 3 100 100 90 70 4 3 22 11 5 88 99 66 20 7 1 5 9 6 7 3 100 100 90 70 4 3 22 11 5 88 99 66 20 7 1 5 9 6 7 3 100 100 90 70 4 3 22 11 5 88 99 66 20 7 1 5 9 6 7 3 100 100 90 70 4 3 22 11 5 88 99 66 20 7 1 5 9 6 7 3 100 100 90 70 4 3 22 11 5 88 99 66 20 7 1 5 9 6 7 3 100 100 90 70 4 3 22 11 5 88 99 66 20 7 1 5 9 6 7 3 100 100 90 70 4 3 22 11 5 88 99 66 20 7 1 5 9 6 7 3 100 100 90 70 4 3 22 11 5 88 99 66 20 7 1 5 9 6 7 3 100 100 90 70 4 3 22 11 5 88 99 66 20 7 1 5 9 6 7 3 100 100 90 70 4 3 22 11 5 88 99 66 20 7 1 5 9 6 7 3 100 100 90 70 4 3 22 11 5 88 99 66 20 7 1 5 9 6 7 3 100 100 90 70 4 3 22 11 5 88 99 66 20 7 1 5 9 6 7 3 100 100 90 70 4 3 22 11 5 88 99 66 20 7 1 5 9 6 7 3 100 100 90 70 4 3 22 11 5 88 99 66 20 7 1 5 9 6 7 3 100 100 90 70 4 3 22 11 5 88 99 66 20 7 1 5 9 6 7 3 100 100 90 70 4 3 22 11 5 88 99 66 20 7 1 5 9 6 7 3 100 100 90 70 4 3 22 11 5 88 99 66 20 7 1 5 9 6 7 3 100 100 90 70 4 3 22 11 5 88 99 66 20 7 1 5 9 6 7 3 100 100 90 70 4 3 22 11 5 88 99 66 20 7 1 5 9 6 7 3 100 100 90 70 4 3 22 11 5 88 99 66 20 7 1 5 9 6 7 3 100 100 90 70 4 3 22 11 5 88 99 66 20 7 1 5 9 6 7 3 100 100 90 70 4 3 22 11 5 88 99 66 20 7 1 5 9 6 7 3 100 100 90 70 4 3 22 11 5 88 99 66 20 7 1 5 9 6 7 3 100 100 90 70 4 3 22 11 5 88 99 66 20 7 1 5 9 6 7 3 100 100 90 70 4 3 22 11 5 88 99 66 20 7 1 5 9 6 7 3 100 100 90 70 4 3 22 11 5 88 99 66 20 7 1 5 9 6 7 3 100 100 90 70 4 3 22 11 5 88 99 66 20 7 1 5 9 6 7 3 100 100 90 70 4 3 22 11 5 88 99 66 20 7 1 5 9 6 7 3 100 100 90 70 4 3 22 11 5 88 99 66 20 7 1 5 9 6 7 3 100 100 90 70 4 3 22 11 5 88 99 66 20 7 1 5 9 6 7 3 100 100 90 70 4 3 22 11 5 88 99 66 20 7 1 5 9 6 7 3 100 100 90 70 4 3 22 11 5 88 99 66 20 7 1 5 9 6 7 3 100 100 90 70 4 3 22 11 5 88 99 66 20 7 1 5 9 6 7 3 100 100 90 70 4 3 22 11 5 88 99 66 20 7 1 5 9 6 7 3 100 100 90 70 4 3 22 11 5 88 99 66 20 7 1 5 9 6 7 3 100 100 90 70 4 3 22 11 5 88 99 66 20 7 1 5 9 6 7 3 100 100 90 70 4 3 22 11 5 88 99 66 20 7 1 5 9 6 7 3 100 100 90 70 4 3 22 11 5 88 99 66 20 7 1 5 9 6 7 3 100 100 90 70 4 3 22 11 5 88 99 66 20 7 1 5 9 6 7 3 100 100 90 70 4 3 22 11 5 88 99 66 20 7 1 5 9 6 7 3 100 100 90 70 4 3 22 11 5 88 99 66 20 7 1 5 9 6 7 3 100 100 90 70 4 3 22 11 5 88 99 66 20 7 1 5 9 6 7 3 100 100 90 70 4 3 22 11 5 88 99 66 20 7 1 5 9 6 7 3 100 100 90 70 4 3 22 11 5 88 99 66 20 7 1 5 9 6 7 3 100 100 90 70 4 3 22 11 5 88 99 66 20 7 1 5 9 6 7 3 100 100 90 70 4 3 22 11 5 88 99 66 20 7 1 5 9 6 7 3 100 100 90 70 4 3 22 11 5 88 99 66 20 7 1 5 9 6 7 3 100 100 90 70 4 3 22 11 5 88 99 66 20 7 1 5 9 6 7 3 100 100 90 70 4 3 22 11 5 88 99 66 20 
10000
10 10 10 10 10 10 10 10 10 10 10 10 10 10 10 10 10 10 10 10 10 10 10 10 10 10 10 10 10 10 10 10 10 10 10 10 10 10 10 10 10 10 10 10 10 10 10 10 10 10 10 10 10 10 10 10 10 10 10 10 10 10 10 10 10 10 10 10 10 10 10 10 10 10 10 10 10 10 10 10 10 10 10 10 10 10 10 10 10 10 10 10 10 10 10 10 10 10 10 10 10 10 10 10 10 10 10 10 10 10 10 10 10 10 10 10 10 10 10 10 10 10 10 10 10 10 10 10 10 10 10 10 10 10 10 10 10 10 10 10 10 10 10 10 10 10 10 10 10 10 10 10 10 10 10 10 10 10 10 10 10 10 10 10 10 10 10 10 10 10 10 10 10 10 10 10 10 10 10 10 10 10 10 10 10 10 10 10 10 10 10 10 10 10 10 10 10 10 10 10 10 10 10 10 10 10 10 10 10 10 10 10 10 10 10 10 10 10 10 10 10 10 10 10 10 10 10 10 10 10 10 10 10 10 10 10 10 10 10 10 10 10 10 10 10 10 10 10 10 10 10 10 10 10 10 10 10 10 10 10 10 10 10 10 10 10 10 10 10 10 10 10 10 10 10 10 10 10 10 10 10 10 10 10 10 10 10 10 10 10 10 10 10 10 10 10 10 10 10 10 10 10 10 10 10 10 10 10 10 10 10 10 10 10 10 10 10 10 10 10 10 10 10 10 10 10 10 10 10 10 10 10 10 10 10 10 10 10 10 10 10 10 10 10 10 10 10 10 10 10 10 10 10 10 10 10 10 10 10 10 10 10 10 10 10 10 10 10 10 10 10 10 10 10 10 10 10 10 10 10 10 10 10 10 10 10 10 10 10 10 10 10 10 10 10 10 10 10 10 10 10 10 10 10 10 10 10 10 10 10 10 10 10 10 10 10 10 10 10 10 10 10 10 10 10 10 10 10 10 10 10 10 10 10 10 10 10 10 10 10 10 10 10 10 10 10 10 10 10 10 10 10 10 10 10 10 10 10 10 10 10 10 10 10 10 10 10 10 10 10 10 10 10 10 10 10 10 10 10 10 10 10 10 10 10 10 10 10 10 10 10 10 10 10 10 10 10 10 10 10 10 10 10 10 10 10 10 10 10 10 10 10 10 10 10 10 10 10 10 10 10 10 10 10 10 10 10 10 10 10 10 10 10 10 10 10 10 10 10 10 10 10 10 10 10 10 10 10 10 10 10 10 10 10 10 10 10 10 10 10 10 10 10 10 10 10 10 10 10 10 10 10 10 10 10 10 10 10 10 10 10 10 10 10 10 10 10 10 10 10 10 10 10 10 10 10 10 10 10 10 10 10 10 10 10 10 10 10 10 10 10 10 10 10 10 10 10 10 10 10 10 10 10 10 10 10 10 10 10 10 10 10 10 10 10 10 10 10 10 10 10 10 10 10 10 10 10 10 10 10 10 10 10 10 10 10 10 10 10 10 10 10 10 10 10 10 10 10 10 10 10 10 10 10 10 10 10 10 10 10 10 10 10 10 10 10 10 10 10 10 10 10 10 10 10 10 10 10 10 10 10 10 10 10 10 10 10 10 10 10 10 10 10 10 10 10 10 10 10 10 10 10 10 10 10 10 10 10 10 10 10 10 10 10 10 10 10 10 10 10 10 10 10 10 10 10 10 10 10 10 10 10 10 10 10 10 10 10 10 10 10 10 10 10 10 10 10 10 10 10 10 10 10 10 10 10 10 10 10 10 10 10 10 10 10 10 10 10 10 10 10 10 10 10 10 10 10 10 10 10 10 10 10 10 10 10 10 10 10 10 10 10 10 10 10 10 10 10 10 10 10 10 10 10 10 10 10 10 10 10 10 10 10 10 10 10 10 10 10 10 10 10 10 10 10 10 10 10 10 10 10 10 10 10 10 10 10 10 10 10 10 10 10 10 10 10 10 10 10 10 10 10 10 10 10 10 10 10 10 10 10 10 10 10 10 10 10 10 10 10 10 10 10 10 10 10 10 10 10 10 10 10 10 10 10 10 10 10 10 10 10 10 10 10 10 10 10 10 10 10 10 10 10 10 10 10 10 10 10 10 10 10 10 10 10 10 10 10 10 10 10 10 10 10 10 10 10 10 10 10 10 10 10 10 10 10 10 10 10 10 10 10 10 10 10 10 10 10 10 10 10 10 10 10 10 10 10 10 10 10 10 10 10 10 10 10 10 10 10 10 10 10 10 10 10 10 10 10 10 10 10 10 10 10 10 10 10 10 10 10 10 10 10 10 10 10 10 10 10 10 10 10 10 10 10 10 10 10 10 10 10 10 10 10 10 10 10 10 10 10 10 10 10 10 10 10 10 10 10 10 10 10 10 10 10 10 10 10 10 10 10 10 10 10 10 10 10 10 10 10 10 10 10 10 10 10 10 10 10 10 10 10 10 10 10 10 10 10 10 10 10 10 10 10 10 10 10 10 10 10 10 10 10 10 10 10 10 10 10 10 10 10 10 10 10 10 10 10 10 10 10 10 10 10 10 10 10 10 10 10 10 10 10 10 10 10 10 10 10 10 10 10 10 10 10 10 10 10 10 10 10 10 10 10 10 10 10 10 10 10 10 10 10 10 10 10 10 10 10 10 10 10 10 10 10 10 10 10 10 10 10 10 10 10 10 10 10 10 10 10 10 10 10 10 10 10 10 10 10 10 10 10 10 10 10 10 10 10 10 10 10 10 10 10 10 10 10 10 10 10 10 10 10 10 10 10 10 10 10 10 10 10 10 10 10 10 10 10 10 10 10 10 10 10 10 10 10 10 10 10 10 10 10 10 10 10 10 10 10 10 10 10 10 10 10 10 10 10 10 10 10 10 10 10 10 10 10 10 10 10 10 10 10 10 10 10 10 10 10 10 10 10 10 10 10 10 10 10 10 10 10 10 10 10 10 10 10 10 10 10 10 10 10 10 10 10 10 10 10 10 10 10 10 10 10 10 10 10 10 10 10 10 10 10 10 10 10 10 10 10 10 10 10 10 10 10 10 10 10 10 10 10 10 10 10 10 10 10 10 10 10 10 10 10 10 10 10 10 10 10 10 10 10 10 10 10 10 10 10 10 10 10 10 10 10 10 10 10 10 10 10 10 10 10 10 10 10 10 10 10 10 10 10 10 10 10 10 10 10 10 10 10 10 10 10 10 10 10 10 10 10 10 10 10 10 10 10 10 10 10 10 10 10 10 10 10 10 10 10 10 10 10 10 10 10 10 10 10 10 10 10 10 10 10 10 10 10 10 10 10 10 10 10 10 10 10 10 10 10 10 10 10 10 10 10 10 10 10 10 10 10 10 10 10 10 10 10 10 10 10 10 10 10 10 10 10 10 10 10 10 10 10 10 10 10 10 10 10 10 10 10 10 10 10 10 10 10 10 10 10 10 10 10 10 10 10 10 10 10 10 10 10 10 10 10 10 10 10 10 10 10 10 10 10 10 10 10 10 10 10 10 10 10 10 10 10 10 10 10 10 10 10 10 10 10 10 10 10 10 10 10 10 10 10 10 10 10 10 10 10 10 10 10 10 10 10 10 10 10 10 10 10 10 10 10 10 10 10 10 10 10 10 10 10 10 10 10 10 10 10 10 10 10 10 10 10 10 10 10 10 10 10 10 10 10 10 10 10 10 10 10 10 10 10 10 10 10 10 10 10 10 10 10 10 10 10 10 10 10 10 10 10 10 10 10 10 10 10 10 10 10 10 10 10 10 10 10 10 10 10 10 10 10 10 10 10 10 10 10 10 10 10 10 10 10 10 10 10 10 10 10 10 10 10 10 10 10 10 10 10 10 10 10 10 10 10 10 10 10 10 10 10 10 10 10 10 10 10 10 10 10 10 10 10 10 10 10 10 10 10 10 10 10 10 10 10 10 10 10 10 10 10 10 10 10 10 10 10 10 10 10 10 10 10 10 10 10 10 10 10 10 10 10 10 10 10 10 10 10 10 10 10 10 10 10 10 10 10 10 10 10 10 10 10 10 10 10 10 10 10 10 10 10 10 10 10 10 10 10 10 10 10 10 10 10 10 10 10 10 10 10 10 10 10 10 10 10 10 10 10 10 10 10 10 10 10 10 10 10 10 10 10 10 10 10 10 10 10 10 10 10 10 10 10 10 10 10 10 10 10 10 10 10 10 10 10 10 10 10 10 10 10 10 10 10 10 10 10 10 10 10 10 10 10 10 10 10 10 10 10 10 10 10 10 10 10 10 10 10 10 10 10 10 10 10 10 10 10 10 10 10 10 10 10 10 10 10 10 10 10 10 10 10 10 10 10 10 10 10 10 10 10 10 10 10 10 10 10 10 10 10 10 10 10 10 10 10 10 10 10 10 10 10 10 10 10 10 10 10 10 10 10 10 10 10 10 10 10 10 10 10 10 10 10 10 10 10 10 10 10 10 10 10 10 10 10 10 10 10 10 10 10 10 10 10 10 10 10 10 10 10 10 10 10 10 10 10 10 10 10 10 10 10 10 10 10 10 10 10 10 10 10 10 10 10 10 10 10 10 10 10 10 10 10 10 10 10 10 10 10 10 10 10 10 10 10 10 10 10 10 10 10 10 10 10 10 10 10 10 10 10 10 10 10 10 10 10 10 10 10 10 10 10 10 10 10 10 10 10 10 10 10 10 10 10 10 10 10 10 10 10 10 10 10 10 10 10 10 10 10 10 10 10 10 10 10 10 10 10 10 10 10 10 10 10 10 10 10 10 10 10 10 10 10 10 10 10 10 10 10 10 10 10 10 10 10 10 10 10 10 10 10 10 10 10 10 10 10 10 10 10 10 10 10 10 10 10 10 10 10 10 10 10 10 10 10 10 10 10 10 10 10 10 10 10 10 10 10 10 10 10 10 10 10 10 10 10 10 10 10 10 10 10 10 10 10 10 10 10 10 10 10 10 10 10 10 10 10 10 10 10 10 10 10 10 10 10 10 10 10 10 10 10 10 10 10 10 10 10 10 10 10 10 10 10 10 10 10 10 10 10 10 10 10 10 10 10 10 10 10 10 10 10 10 10 10 10 10 10 10 10 10 10 10 10 10 10 10 10 10 10 10 10 10 10 10 10 10 10 10 10 10 10 10 10 10 10 10 10 10 10 10 10 10 10 10 10 10 10 10 10 10 10 10 10 10 10 10 10 10 10 10 10 10 10 10 10 10 10 10 10 10 10 10 10 10 10 10 10 10 10 10 10 10 10 10 10 10 10 10 10 10 10 10 10 10 10 10 10 10 10 10 10 10 10 10 10 10 10 10 10 10 10 10 10 10 10 10 10 10 10 10 10 10 10 10 10 10 10 10 10 10 10 10 10 10 10 10 10 10 10 10 10 10 10 10 10 10 10 10 10 10 10 10 10 10 10 10 10 10 10 10 10 10 10 10 10 10 10 10 10 10 10 10 10 10 10 10 10 10 10 10 10 10 10 10 10 10 10 10 10 10 10 10 10 10 10 10 10 10 10 10 10 10 10 10 10 10 10 10 10 10 10 10 10 10 10 10 10 10 10 10 10 10 10 10 10 10 10 10 10 10 10 10 10 10 10 10 10 10 10 10 10 10 10 10 10 10 10 10 10 10 10 10 10 10 10 10 10 10 10 10 10 10 10 10 10 10 10 10 10 10 10 10 10 10 10 10 10 10 10 10 10 10 10 10 10 10 10 10 10 10 10 10 10 10 10 10 10 10 10 10 10 10 10 10 10 10 10 10 10 10 10 10 10 10 10 10 10 10 10 10 10 10 10 10 10 10 10 10 10 10 10 10 10 10 10 10 10 10 10 10 10 10 10 10 10 10 10 10 10 10 10 10 10 10 10 10 10 10 10 10 10 10 10 10 10 10 10 10 10 10 10 10 10 10 10 10 10 10 10 10 10 10 10 10 10 10 10 10 10 10 10 10 10 10 10 10 10 10 10 10 10 10 10 10 10 10 10 10 10 10 10 10 10 10 10 10 10 10 10 10 10 10 10 10 10 10 10 10 10 10 10 10 10 10 10 10 10 10 10 10 10 10 10 10 10 10 10 10 10 10 10 10 10 10 10 10 10 10 10 10 10 10 10 10 10 10 10 10 10 10 10 10 10 10 10 10 10 10 10 10 10 10 10 10 10 10 10 10 10 10 10 10 10 10 10 10 10 10 10 10 10 10 10 10 10 10 10 10 10 10 10 10 10 10 10 10 10 10 10 10 10 10 10 10 10 10 10 10 10 10 10 10 10 10 10 10 10 10 10 10 10 10 10 10 10 10 10 10 10 10 10 10 10 10 10 10 10 10 10 10 10 10 10 10 10 10 10 10 10 10 10 10 10 10 10 10 10 10 10 10 10 10 10 10 10 10 10 10 10 10 10 10 10 10 10 10 10 10 10 10 10 10 10 10 10 10 10 10 10 10 10 10 10 10 10 10 10 10 10 10 10 10 10 10 10 10 10 10 10 10 10 10 10 10 10 10 10 10 10 10 10 10 10 10 10 10 10 10 10 10 10 10 10 10 10 10 10 10 10 10 10 10 10 10 10 10 10 10 10 10 10 10 10 10 10 10 10 10 10 10 10 10 10 10 10 10 10 10 10 10 10 10 10 10 10 10 10 10 10 10 10 10 10 10 10 10 10 10 10 10 10 10 10 10 10 10 10 10 10 10 10 10 10 10 10 10 10 10 10 10 10 10 10 10 10 10 10 10 10 10 10 10 10 10 10 10 10 10 10 10 10 10 10 10 10 10 10 10 10 10 10 10 10 10 10 10 10 10 10 10 10 10 10 10 10 10 10 10 10 10 10 10 10 10 10 10 10 10 10 10 10 10 10 10 10 10 10 10 10 10 10 10 10 10 10 10 10 10 10 10 10 10 10 10 10 10 10 10 10 10 10 10 10 10 10 10 10 10 10 10 10 10 10 10 10 10 10 10 10 10 10 10 10 10 10 10 10 10 10 10 10 10 10 10 10 10 10 10 10 10 10 10 10 10 10 10 10 10 10 10 10 10 10 10 10 10 10 10 10 10 10 10 10 10 10 10 10 10 10 10 10 10 10 10 10 10 10 10 10 10 10 10 10 10 10 10 10 10 10 10 10 10 10 10 10 10 10 10 10 10 10 10 10 10 10 10 10 10 10 10 10 10 10 10 10 10 10 10 10 10 10 10 10 10 10 10 10 10 10 10 10 10 10 10 10 10 10 10 10 10 10 10 10 10 10 10 10 10 10 10 10 10 10 10 10 10 10 10 10 10 10 10 10 10 10 10 10 10 10 10 10 10 10 10 10 10 10 10 10 10 10 10 10 10 10 10 10 10 10 10 10 10 10 10 10 10 10 10 10 10 10 10 10 10 10 10 10 10 10 10 10 10 10 10 10 10 10 10 10 10 10 10 10 10 10 10 10 10 10 10 10 10 10 10 10 10 10 10 10 10 10 10 10 10 10 10 10 10 10 10 10 10 10 10 10 10 10 10 10 10 10 10 10 10 10 10 10 10 10 10 10 10 10 10 10 10 10 10 10 10 10 10 10 10 10 10 10 10 10 10 10 10 10 10 10 10 10 10 10 10 10 10 10 10 10 10 10 10 10 10 10 10 10 10 10 10 10 10 10 10 10 10 10 10 10 10 10 10 10 10 10 10 10 10 10 10 10 10 10 10 10 10 10 10 10 10 10 10 10 10 10 10 10 10 10 10 10 10 10 10 10 10 10 10 10 10 10 10 10 10 10 10 10 10 10 10 10 10 10 10 10 10 10 10 10 10 10 10 10 10 10 10 10 10 10 10 10 10 10 10 10 10 10 10 10 10 10 10 10 10 10 10 10 10 10 10 10 10 10 10 10 10 10 10 10 10 10 10 10 10 10 10 10 10 10 10 10 10 10 10 10 10 10 10 10 10 10 10 10 10 10 10 10 10 10 10 10 10 10 10 10 10 10 10 10 10 10 10 10 10 10 10 10 10 10 10 10 10 10 10 10 10 10 10 10 10 10 10 10 10 10 10 10 10 10 10 10 10 10 10 10 10 10 10 10 10 10 10 10 10 10 10 10 10 10 10 10 10 10 10 10 10 10 10 10 10 10 10 10 10 10 10 10 10 10 10 10 10 10 10 10 10 10 10 10 10 10 10 10 10 10 10 10 10 10 10 10 10 10 10 10 10 10 10 10 10 10 10 10 10 10 10 10 10 10 10 10 10 10 10 10 10 10 10 10 10 10 10 10 10 10 10 10 10 10 10 10 10 10 10 10 10 10 10 10 10 10 10 10 10 10 10 10 10 10 10 10 10 10 10 10 10 10 10 10 10 10 10 10 10 10 10 10 10 10 10 10 10 10 10 10 10 10 10 10 10 10 10 10 10 10 10 10 10 10 10 10 10 10 10 10 10 10 10 10 10 10 10 10 10 10 10 10 10 10 10 10 10 10 10 10 10 10 10 10 10 10 10 10 10 10 10 10 10 10 10 10 10 10 10 10 10 10 10 10 10 10 10 10 10 10 10 10 10 10 10 10 10 10 10 10 10 10 10 10 10 10 10 10 10 10 10 10 10 10 10 10 10 10 10 10 10 10 10 10 10 10 10 10 10 10 10 10 10 10 10 10 10 10 10 10 10 10 10 10 10 10 10 10 10 10 10 10 10 10 10 10 10 10 10 10 10 10 10 10 10 10 10 10 10 10 10 10 10 10 10 10 10 10 10 10 10 10 10 10 10 10 10 10 10 10 10 10 10 10 10 10 10 10 10 10 10 10 10 10 10 10 10 10 10 10 10 10 10 10 10 10 10 10 10 10 10 10 10 10 10 10 10 10 10 10 10 10 10 10 10 10 10 10 10 10 10 10 10 10 10 10 10 10 10 10 10 10 10 10 10 10 10 10 10 10 10 10 10 10 10 10 10 10 10 10 10 10 10 10 10 10 10 10 10 10 10 10 10 10 10 10 10 10 10 10 10 10 10 10 10 10 10 10 10 10 10 10 10 10 10 10 10 10 10 10 10 10 10 10 10 10 10 10 10 10 10 10 10 10 10 10 10 10 10 10 10 10 10 10 10 10 10 10 10 10 10 10 10 10 10 10 10 10 10 10 10 10 10 10 10 10 10 10 10 10 10 10 10 10 10 10 10 10 10 10 10 10 10 10 10 10 10 10 10 10 10 10 10 10 10 10 10 10 10 10 10 10 10 10 10 10 10 10 10 10 10 10 10 10 10 10 10 10 10 10 10 10 10 10 10 10 10 10 10 10 10 10 10 10 10 10 10 10 10 10 10 10 10 10 10 10 10 10 10 10 10 10 10 10 10 10 10 10 10 10 10 10 10 10 10 10 10 10 10 10 10 10 10 10 10 10 10 10 10 10 10 10 10 10 10 10 10 10 10 10 10 10 10 10 10 10 10 10 10 10 10 10 10 10 10 10 10 10 10 10 10 10 10 10 10 10 10 10 10 10 10 10 10 10 10 10 10 10 10 10 10 10 10 10 10 10 10 10 10 10 10 10 10 10 10 10 10 10 10 10 10 10 10 10 10 10 10 10 10 10 10 10 10 10 10 10 10 10 10 10 10 10 10 10 10 10 10 10 10 10 10 10 10 10 10 10 10 10 10 10 10 10 10 10 10 10 10 10 10 10 10 10 10 10 10 10 10 10 10 10 10 10 10 10 10 10 10 10 10 10 10 10 10 10 10 10 10 10 10 10 10 10 10 10 10 10 10 10 10 10 10 10 10 10 10 10 10 10 10 10 10 10 10 10 10 10 10 10 10 10 10 10 10 10 10 10 10 10 10 10 10 10 10 10 10 10 10 10 10 10 10 10 10 10 10 10 10 10 10 10 10 10 10 10 10 10 10 10 10 10 10 10 10 10 10 10 10 10 10 10 10 10 10 10 10 10 10 10 10 10 10 10 10 10 10 10 10 10 10 10 10 10 10 10 10 10 10 10 10 10 10 10 10 10 10 10 10 10 10 10 10 10 10 10 10 10 10 10 10 10 10 10 10 10 10 10 10 10 10 10 10 10 10 10 10 10 10 10 10 10 10 10 10 10 10 10 10 10 10 10 10 10 10 10 10 10 10 10 10 10 10 10 10 10 10 10 10 10 10 10 10 10 10 10 10 10 10 10 10 10 10 10 10 10 10 10 10 10 10 10 10 10 10 10 10 10 10 10 10 10 10 10 10 10 10 10 10 10 10 10 10 10 10 10 10 10 10 10 10 10 10 10 10 10 10 10 10 10 10 10 10 10 10 10 10 10 10 10 10 10 10 10 10 10 10 10 10 10 10 10 10 10 10 10 10 10 10 10 10 10 10 10 10 10 10 10 10 10 10 10 10 10 10 10 10 10 10 10 10 10 10 10 10 10 10 10 10 10 10 10 10 10 10 10 10 10 10 10 10 10 10 10 10 10 10 10 10 10 10 10 10 10 10 10 10 10 10 10 10 10 10 10 10 10 10 10 10 10 10 10 10 10 10 10 10 10 10 10 10 10 10 10 10 10 10 10 10 10 10 10 10 10 10 10 10 10 10 10 10 10 10 10 10 10 10 10 10 10 10 10 10 10 10 10 10 10 10 10 10 10 10 10 10 10 10 10 10 10 10 10 10 10 10 10 10 10 10 10 10 10 10 10 10 10 10 10 10 10 10 10 10 10 10 10 10 10 10 10 10 10 10 10 10 10 10 10 10 10 10 10 10 10 10 10 10 10 10 10 10 10 10 10 10 10 10 10 10 10 10 10 10 10 10 10 10 10 10 10 10 10 10 10 10 10 10 10 10 10 10 10 10 10 10 10 10 10 10 10 10 10 10 10 10 10 10 10 10 10 10 10 10 10 10 10 10 10 10 10 10 10 10 10 10 10 10 10 10 10 10 10 10 10 10 10 10 10 10 10 10 10 10 10 10 10 10 10 10 10 10 10 10 10 10 10 10 10 10 10 10 10 10 10 10 10 10 10 10 10 10 10 10 10 10 10 10 10 10 10 10 10 10 10 10 10 10 10 10 10 10 10 10 10 10 10 10 10 10 10 10 10 10 10 10 10 10 10 10 10 10 10 10 10 10 10 10 10 10 10 10 10 10 10 10 10 10 10 10 10 10 10 10 10 10 10 10 10 10 10 10 10 10 10 10 10 10 10 10 10 10 10 10 10 10 10 10 10 10 10 10 10 10 10 10 10 10 10 10 10 10 10 10 10 10 10 10 10 10 10 10 10 10 10 10 10 10 10 10 10 10 10 10 10 10 10 10 10 10 10 10 10 10 10 10 10 10 10 10 10 10 10 10 10 10 10 10 10 10 10 10 10 10 10 10 10 10 10 10 10 10 10 10 10 10 10 10 10 10 10 10 10 10 10 10 10 10 10 10 10 10 10 10 10 10 10 10 10 10 10 10 10 10 10 10 10 10 10 10 10 10 10 10 10 10 10 10 10 10 10 10 10 10 10 10 10 10 10 10 10 10 10 10 10 10 10 10 10 10 10 10 10 10 10 10 10 10 10 10 10 10 10 10 10 10 10 10 10 10 10 10 10 10 10 10 10 10 10 10 10 10 10 10 10 10 10 10 10 10 10 10 10 10 10 10 10 10 10 10 10 10 10 10 10 10 10 10 10 10 10 10 10 10 10 10 10 10 10 10 10 10 10 10 10 10 10 10 10 10 10 10 10 10 10 10 10 10 10 10 10 10 10 10 10 10 10 10 10 10 10 10 10 10 10 10 10 10 10 10 10 10 10 10 10 10 10 10 10 10 10 10 10 10 10 10 10 10 10 10 10 10 10 10 10 10 10 10 10 10 10 10 10 10 10 10 10 10 10 10 10 10 10 10 10 10 10 10 10 10 10 10 10 10 10 10 10 10 10 10 10 10 10 10 10 10 10 10 10 10 10 10 10 10 10 10 10 10 10 10 10 10 10 10 10 10 10 10 10 10 10 10 10 10 10 10 10 10 10 10 10 10 10 10 10 10 10 10 10 10 10 10 10 10 10 10 10 10 10 10 10 10 10 10 10 10 10 10 10 10 10 10 10 10 10 10 10 10 10 10 10 10 10 10 10 10 10 10 10 10 10 10 10 10 10 10 10 10 10 10 10 10 10 10 10 10 10 10 10 10 10 10 10 10 10 10 10 10 10 10 10 10 10 10 10 10 10 10 10 10 10 10 10 10 10 10 10 10 10 10 10 10 10 10 10 10 10 10 10 10 10 10 10 10 10 10 10 10 10 10 10 10 10 10 10 10 10 10 10 10 10 10 10 10 10 10 10 10 10 10 10 10 10 10 10 10 10 10 10 10 10 10 10 10 10 10 10 10 10 10 10 10 10 10 10 10 10 10 10 10 10 10 10 10 10 10 10 10 10 10 10 10 10 10 10 10 10 10 10 10 10 10 10 10 10 10 10 10 10 10 10 10 10 10 10 10 10 10 10 10 10 10 10 10 10 10 10 10 10 10 10 10 10 10 10 10 10 10 10 10 10 10 10 10 10 10 10 10 10 10 10 10 10 10 10 10 10 10 10 10 10 10 10 10 10 10 10 10 10 10 10 10 10 10 10 10 10 10 10 10 10 10 10 10 10 10 10 10 10 10 10 10 10 10 10 10 10 10 10 10 10 10 10 10 10 10 10 10 10 10 10 10 10 10 10 10 10 10 10 10 10 10 10 10 10 10 10 10 10 10 10 10 10 10 10 10 10 10 10 10 10 10 10 10 10 10 10 10 10 10 10 10 10 10 10 10 10 10 10 10 10 10 10 10 10 10 10 10 10 10 10 10 10 10 10 10 10 10 10 10 10 10 10 10 10 10 10 10 10 10 10 10 10 10 10 10 10 10 10 10 10 10 10 10 10 10 10 10 10 10 10 10 10 10 10 10 10 10 10 10 10 10 10 10 10 10 10 10 10 10 10 10 10 10 10 10 10 10 10 10 10 10 10 10 10 10 10 10 10 10 10 10 10 10 10 10 10 10 10 10 10 10 10 10 10 10 10 10 10 10 10 10 10 10 10 10 10 10 10 10 10 10 10 10 10 10 10 10 10 10 10 10 10 10 10 10 10 10 10 10 10 10 10 10 10 10 10 10 10 10 10 10 10 10 10 10 10 10 10 10 10 10 10 10 10 10 10 10 10 10 10 10 10 10 10 10 10 10 10 10 10 10 10 10 10 10 10 10 10 10 10 10 10 10 10 10 10 10 10 10 10 10 10 10 10 10 10 10 10 10 10 10 10 10 10 10 10 10 10 10 10 10 10 10 10 10 10 10 10 10 10 10 10 10 10 10 10 10 10 10 10 10 10 10 10 10 10 10 10 10 10 10 10 10 10 10 10 10 10 10 10 10 10 10 10 10 10 10 10 10 10 10 10 10 10 10 10 10 10 10 10 10 10 10 10 10 10 10 10 10 10 10 10 10 10 10 10 10 10 10 10 10 10 10 10 10 10 10 10 10 10 10 10 10 10 10 10 10 10 10 10 10 10 10 10 10 10 10 10 10 10 10 10 10 10 10 10 10 10 10 10 10 10 10 10 10 10 10 10 10 10 10 10 10 10 10 10 10 10 10 10 10 10 10 10 10 10 10 10 10 10 10 10 10 10 10 10 10 10 10 10 10 10 10 10 10 10 10 10 10 10 10 10 10 10 10 10 10 10 10 10 10 10 10 10 10 10 10 10 10 10 10 10 10 10 10 10 10 10 10 10 10 10 10 10 10 10 10 10 10 10 10 10 10 10 10 10 10 10 10 10 10 10 10 10 10 10 10 10 10 10 10 10 10 10 10 10 10 10 10 10 10 10 10 10 10 10 10 10 10 10 10 10 10 10 10 10 10 10 10 10 10 10 10 10 10 10 10 10 10 10 10 10 10 10 10 10 10 10 10 10 10 10 10 10 10 10 10 10 10 10 10 10 10 10 10 10 10 10 10 10 10 10 10 10 10 10 10 10 10 10 10 10 10 10 10 10 10 10 10 10 10 10 10 10 10 10 10 10 10 10 10 10 10 10 10 10 10 10 10 10 10 10 10 10 10 10 10 10 10 10 10 10 10 10 10 10 10 10 10 10 10 10 10 10 10 10 10 10 10 10 10 10 10 10 10 10 10 10 10 10 10 10 10 10 10 10 10 10 10 10 10 10 10 10 10 10 10 10 10 10 10 10 10 10 10 10 10 10 10 10 10 10 10 10 10 10 10 10 10 10 10 10 10 10 10 10 10 10 10 10 10 10 10 10 10 10 10 10 10 10 10 10 10 10 10 10 10 10 10 10 10 10 10 10 10 10 10 10 10 10 10 10 10 10 10 10 10 10 10 10 10 10 10 10 10 10 10 10 10 10 10 10 10 10 10 10 10 10 10 10 10 10 10 10 10 10 10 10 10 10 10 10 10 10 10 10 10 10 10 10 10 10 10 10 10 10 10 10 10 10 10 10 10 10 10 10 10 10 10 10 10 10 10 10 10 10 10 10 10 10 10 10 10 10 10 10 10 10 10 10 10 10 10 10 10 10 10 10 10 10 10 10 10 10 10 10 10 10 10 10 10 10 10 10 10 10 10 10 10 10 10 10 10 10 10 10 10 10 10 10 10 10 10 10 10 10 10 10 10 10 10 10 10 10 10 10 10 10 10 10 10 10 10 10 10 10 10 10 10 10 10 10 10 10 10 10 10 10 10 10 10 10 10 10 10 10 10 10 10 10 10 10 10 10 10 10 10 10 10 10 10 10 10 10 10 10 10 10 10 10 10 10 10 10 10 10 10 10 10 10 10 10 10 10 10 10 10 10 10 10 10 10 10 10 10 10 10 10 10 10 10 10 10 10 10 10 10 10 10 10 10 10 10 10 10 10 10 10 10 10 10 10 10 10 10 10 10 10 10 10 10 10 10 10 10 10 10 10 10 10 10 10 10 10 10 10 10 10 10 10 10 10 10 10 10 10 10 10 10 10 10 10 10 10 10 10 10 10 10 10 10 10 10 10 10 10 10 10 10 10 10 10 10 10 10 10 10 10 10 10 10 10 10 10 10 10 10 10 10 10 10 10 10 10 10 10 10 10 10 10 10 10 10 10 10 10 10 10 10 10 10 10 10 10 10 10 10 10 10 10 10 10 10 10 10 10 10 10 10 10 10 10 10 10 10 10 10 10 10 10 10 10 10 10 10 10 10 10 10 10 10 10 10 10 10 10 10 10 10 10 10 10 10 10 10 10 10 10 10 10 10 10 10 10 10 10 10 10 10 10 10 10 10 10 10 10 10 10 10 10 10 10 10 10 10 10 10 10 10 10 10 10 10 10 10 10 10 10 10 10 10 10 10 10 10 10 10 10 10 10 10 10 10 10 10 10 10 10 10 10 10 10 10 10 10 10 10 10 10 10 10 10 10 10 10 10 10 10 10 10 10 10 10 10 10 10 10 10 10 10 10 10 10 10 10 10 10 10 10 10 10 10 10 10 10 10 10 10 10 10 10 10 10 10 10 10 10 10 10 10 10 10 10 10 10 10 10 10 10 10 10 10 10 10 10 10 10 10 10 10 10 10 10 10 10 10 10 10 10 10 10 10 10 10 10 10 10 10 10 10 10 10 10 10 10 10 10 10 10 10 10 10 10 10 10 10 10 10 10 10 10 10 10 10 10 10 10 10 10 10 10 10 10 10 10 10 10 10 10 10 10 10 10 10 10 10 10 10 10 10 10 10 10 10 10 10 10 10 10 10 10 10 10 10 10 10 10 10 10 10 10 10 10 10 10 10 10 10 10 10 10 10 10 10 10 10 10 10 10 10 10 10 10 10 10 10 10 10 10 10 10 10 10 10 10 10 10 10 10 10 10 10 10 10 10 10 10 10 10 10 10 10 10 10 10 10 10 10 10 10 10 10 10 10 10 10 10 10 10 10 10 10 10 10 10 10 10 10 10 10 10 10 10 10 10 10 10 10 10 10 10 10 10 10 10 10 10 10 10 10 10 10 10 10 10 10 10 10 10 10 10 10 10 10 10 10 10 10 10 10 10 10 10 10 10 10 10 10 10 10 10 10 10 10 10 10 10 10 10 10 10 10 10 10 10 10 10 10 10 10 10 10 10 10 10 10 10 10 10 10 10 10 10 10 10 10 10 10 10 10 10 10 10 10 10 10 10 10 10 10 10 10 10 10 10 10 10 10 10 10 10 10 10 10 10 10 10 10 10 10 10 10 10 10 10 10 10 10 10 10 10 10 10 10 10 10 10 10 10 10 10 10 10 10 10 10 10 10 10 10 10 10 10 10 10 10 10 10 10 10 10 10 10 10 10 10 10 10 10 10 10 10 10 10 10 10 10 10 10 10 10 10 10 10 10 10 10 10 10 10 10 10 10 10 10 10 10 10 10 10 10 10 10 10 10 10 10 10 10 10 10 10 10 10 10 10 10 10 10 10 10 10 10 10 10 10 10 10 10 10 10 10 10 10 10 10 10 10 10 10 10 10 10 10 10 10 10 10 10 10 10 10 10 10 10 10 10 10 10 10 10 10 10 10 10 10 10 10 10 10 10 10 10 10 10 10 10 10 10 10 10 10 10 10 10 10 10 10 10 10 10 10 10 10 10 10 10 10 10 10 10 10 10 10 10 10 10 10 10 10 10 10 10 10 10 10 10 10 10 10 10 10 10 10 10 10 10 10 10 10 10 10 10 10 10 10 10 10 10 10 10 10 10 10 10 10 10 10 10 10 10 10 10 10 10 10 10 10 10 10 10 10 10 10 10 10 10 10 10 10 10 10 10 10 10 10 10 10 10 10 10 10 10 10 10 10 10 10 10 10 10 10 10 10 10 10 10 10 10 10 10 10 10 10 10 10 10 10 10 10 10 10 10 10 10 10 10 10 10 10 10 10 10 10 10 10 10 10 10 10 10 10 10 10 10 10 10 10 10 10 10 10 10 10 10 10 10 10 10 10 10 10 10 10 10 10 10 10 10 10 10 10 10 10 10 10 10 10 10 10 10 10 10 10 10 10 10 10 10 10 10 10 10 10 10 10 10 10 10 10 10 10 10 10 10 10 10 10 10 10 10 10 10 10 10 10 10 10 10 10 10 10 10 10 10 10 10 10 10 10 10 10 10 10 10 10 10 10 10 10 10 10 10 10 10 10 10 10 10 10 10 10 10 10 10 10 10 10 10 10 10 10 10 10 10 10 10 10 10 10 10 10 10 10 10 10 10 10 10 10 10 10 10 10 10 10 10 10 10 10 10 10 10 10 10 10 10 10 10 10 10 10 10 10 10 10 10 10 10 10 10 10 10 10 10 10 10 10 10 10 10 10 10 10 10 10 10 10 10 10 10 10 10 10 10 10 10 10 10 10 10 10 10 10 10 10 10 10 10 10 10 10 10 10 10 10 10 10 10 10 10 10 10 10 10 10 10 10 10 10 10 10 10 10 10 10 10 10 10 10 10 10 10 10 10 10 10 10 10 10 10 10 10 10 10 10 10 10 10 10 10 10 10 10 10 10 10 10 10 10 10 10 10 10 10 10 10 10 10 10 10 10 10 10 10 10 10 10 10 10 10 10 10 10 10 10 10 10 10 10 10 10 10 10 10 10 10 10 10 10 10 10 10 10 10 10 10 10 10 10 10 10 10 10 10 10 10 10 10 10 10 10 10 10 10 10 10 10 10 10 10 10 10 10 10 10 10 10 10 10 10 10 10 10 10 10 10 10 10 10 10 10 10 10 10 10 10 10 10 10 10 10 10 10 10 10 10 10 10 10 10 10 10 10 10 10 10 10 10 10 10 10 10 10 10 10 10 10 10 10 10 10 10 10 10 10 10 10 10 10 10 10 10 10 10 10 10 10 10 10 10 10 10 10 10 10 10 10 10 10 10 10 10 10 10 10 10 10 10 10 10 10 10 10 10 10 10 10 10 10 10 10 10 10 10 10 10 10 10 10 10 10 10 10 10 10 10 10 10 10 10 10 10 10 10 10 10 10 10 10 10 10 10 10 10 10 10 10 10 10 10 10 10 10 10 10 10 10 10 10 10 10 10 10 10 10 10 10 10 10 10 10 10 10 10 10 10 10 10 10 10 10 10 10 10 10 10 10 10 10 10 10 10 10 10 10 10 10 10 10 10 10 10 10 10 10 10 10 10 10 10 10 10 10 10 10 10 10 10 10 10 10 10 10 10 10 10 10 10 10 10 10 10 10 10 10 10 10 10 10 10 10 10 10 10 10 10 10 10 10 10 10 10 10 10 10 10 10 10 10 10 10 10 10 10 10 10 10 10 10 10 10 10 10 10 10 10 10 10 10 10 10 10 10 10 10 10 10 10 10 10 10 10 10 10 10 10 10 10 10 10 10 10 10 10 10 10 10 10 10 10 10 10 10 10 10 10 10 10 10 10 10 10 10 10 10 10 10 10 10 10 10 10 10 10 10 10 10 10 10 10 10 10 10 10 10 10 10 10 10 10 10 10 10 10 10 10 10 10 10 10 10 10 10 10 10 10 10 10 10 10 10 10 10 10 10 10 10 10 10 10 10 10 10 10 10 10 10 10 10 10 10 10 10 10 10 10 10 10 10 10 10 10 10 10 10 10 10 10 10 10 10 10 10 10 10 10 10 10 10 10 10 10 10 10 10 10 10 10 10 10 10 10 10 10 10 10 10 10 10 10 10 10 10 10 10 10 10 10 10 10 10 10 10 10 10 10 10 10 10 10 10 10 10 10 10 10 10 10 10 10 10 10 10 10 10 10 10 10 10 10 10 10 10 10 10 10 10 10 10 10 10 10 10 10 10 10 10 10 10 10 10 10 10 10 10 10 10 10 10 10 10 10 10 10 10 10 10 10 10 10 10 10 10 10 10 10 10 10 10 10 10 10 10 10 10 10 10 10 10 10 10 10 10 10 10 10 10 10 10 10 10 10 10 10 10 10 10 10 10 10 10 10 10 10 10 10 10 10 10 10 10 10 10 10 10 10 10 10 10 10 10 10 10 10 10 10 10 10 10 10 10 10 10 10 10 10 10 10 10 10 10 10 10 10 10 10 10 10 10 10 10 10 10 10 10 10 10 10 10 10 10 10 10 10 10 10 10 10 10 10 10 10 10 10 10 10 10 10 10 10 10 10 10 10 10 10 10 10 10 10 10 10 10 10 10 10 10 10 10 10 10 10 10 10 10 10 10 10 10 10 10 10 10 10 10 10 10 10 10 10 10 10 10 10 10 10 10 10 10 10 10 10 10 10 10 10 10 10 10 10 10 10 10 10 10 10 10 10 10 10 10 10 10 10 10 10 10 10 10 10 10 10 10 10 10 10 10 10 10 10 10 10 10 10 10 10 10 10 10 10 10 10 10 10 10 10 10 10 10 10 10 10 10 10 10 10 10 10 10 10 10 10 10 10 10 10 10 10 10 10 10 10 10 10 10 10 10 10 10 10 10 10 10 10 10 10 10 10 10 10 10 10 10 10 10 10 10 10 10 10 10 10 10 10 10 10 10 10 10 10 10 10 10 10 10 10 10 10 10 10 10 10 10 10 10 10 10 10 10 10 10 10 10 10 10 10 10 10 10 10 10 10 10 10 10 10 10 10 10 10 10 10 10 10 10 10 10 10 10 10 10 10 10 10 10 10 10 10 10 10 10 10 10 10 10 10 10 10 10 10 10 10 10 10 10 10 10 10 10 10 10 10 10 10 10 10 10 10 10 10 10 10 10 10 10 10 10 10 10 10 10 10 10 10 10 10 10 10 10 10 10 10 10 10 10 10 10 10 10 10 10 10 10 10 10 10 10 10 10 10 10 10 10 10 10 10 10 10 10 10 10 10 10 10 10 10 10 10 10 10 10 10 10 10 10 10 10 10 10 10 10 10 10 10 10 10 10 10 10 10 10 10 10 10 10 10 10 10 10 10 10 10 10 10 10 10 10 10 10 10 10 10 10 10 10 10 10 10 10 10 10 10 10 10 10 10 10 10 10 10 10 10 10 10 10 10 10 10 10 10 10 10 10 10 10 10 10 10 10 10 10 10 10 10 10 10 10 10 10 10 10 10 10 10 10 10 10 10 10 10 10 10 10 10 10 10 10 10 10 10 10 10 10 10 10 10 10 10 10 10 10 10 10 10 10 10 10 10 10 10 10 10 10 10 10 10 10 10 10 10 10 10 10 10 10 10 10 10 10 10 10 10 10 10 10 10 10 10 10 10 10 10 10 10 10 10 10 10 10 10 10 10 10 10 10 10 10 10 10 10 10 10 10 10 10 10 10 10 10 10 10 10 10 10 10 10 10 10 10 10 10 10 10 10 10 10 10 10 10 10 10 10 10 10 10 10 10 10 10 10 10 10 10 10 10 10 10 10 10 10 10 10 10 10 10 10 10 10 10 10 10 10 10 10 10 10 10 10 10 10 10 10 10 10 10 10 10 10 10 10 10 10 10 10 10 10 10 10 10 10 10 10 10 10 10 10 10 10 10 10 10 10 10 10 10 10 10 10 10 10 10 10 10 10 10 10 10 10 10 10 10 10 10 10 10 10 10 10 10 10 10 10 10 10 10 10 10 10 10 10 10 10 10 10 10 10 10 10 10 10 10 10 10 10 10 10 10 10 10 10 10 10 10 10 10 10 10 10 10 10 10 10 10 10 10 10 10 10 10 10 10 10 10 10 10 10 10 10 10 10 10 10 10 10 10 10 10 10 10 10 10 10 10 10 10 10 10 10 10 10 10 10 10 10 10 10 10 10 10 10 10 10 10 10 10 10 10 10 10 10 10 10 10 10 10 10 10 10 10 10 10 10 10 10 10 10 10 10 10 10 10 10 10 10 10 10 10 10 10 10 10 10 10 10 10 10 10 10 10 10 10 10 10 10 10 10 10 10 10 10 10 10 10 10 10 10 10 10 10 10 10 10 10 10 10 10 10 10 10 10 10 10 10 10 10 10 10 10 10 10 10 10 10 10 10 10 10 10 10 10 10 10 10 10 10 10 10 10 10 10 10 10 10 10 10 10 10 10 10 10 10 10 10 10 10 10 10 10 10 10 10 10 10 10 10 10 10 10 10 10 10 10 10 10 10 10 10 10 10 10 10 10 10 10 10 10 10 10 10 10 10 10 10 10 10 10 10 10 10 10 10 10 10 10 10 10 10 10 10 10 10 10 10 10 10 10 10 10 10 10 10 10 10 10 10 10 10 10 10 10 10 10 10 10 10 10 10 10 10 10 10 10 10 10 10 10 10 10 10 10 10 10 10 10 10 10 10 10 10 10 10 10 10 10 10 10 10 10 10 10 10 10 10 10 10 10 10 10 10 10 10 10 10 10 10 10 10 10 10 10 10 10 10 10 10 10 10 10 10 10 10 10 10 10 10 10 10 10 10 10 10 10 10 10 10 10 10 10 10 10 10 10 10 10 10 10 10 10 10 10 10 10 10 10 10 10 10 10 10 10 10 10 10 10 10 10 10 10 10 10 10 10 10 10 10 10 10 10 10 10 10 10 10 10 10 10 10 10 10 10 10 10 10 10 10 10 10 10 10 10 10 10 10 10 10 10 10 10 10 10 10 10 10 10 10 10 10 10 10 10 10 10 10 10 10 10 10 10 10 10 10 10 10 10 10 10 10 10 10 10 10 10 10 10 10 10 10 10 10 10 10 10 10 10 10 10 10 10 10 10 10 10 10 10 10 10 10 10 10 10 10 10 10 10 10 10 10 10 10 10 10 10 10 10 10 10 10 10 10 10 10 10 10 10 10 10 10 10 10 10 10 10 10 10 10 10 10 10 10 10 10 10 10 10 10 10 10 10 10 10 10 10 10 10 10 10 10 10 10 10 10 10 10 10 10 10 10 10 10 10 10 10 10 10 10 10 10 10 10 10 10 10 10 10 10 10 10 10 10 10 10 10 10 10 10 10 10 10 10 10 10 10 10 10 10 10 10 10 10 10 10 10 10 10 10 10 10 10 10 10 10 10 10 10 10 10 10 10 10 10 10 10 10 10 10 10 10 10 10 10 10 10 10 10 10 10 10 10 10 10 10 10 10 10 10 10 10 10 10 10 10 10 10 10 10 10 10 10 10 10 10 10 10 10 10 10 10 10 10 10 10 10 10 10 10 10 10 10 10 10 10 10 10 10 10 10 10 10 10 10 10 10 10 10 10 10 10 10 10 10 10 10 10 10 10 10 10 10 10 10 10 10 10 10 10 10 10 10 10 10 10 10 10 10 10 10 10 10 10 10 10 10 10 10 10 10 10 10 10 10 10 10 10 10 10 10 10 10 10 10 10 10 10 10 10 10 10 10 10 10 10 10 10 10 10 10 10 10 10 10 10 10 10 10 10 10 10 10 10 10 10 10 10 10 10 10 10 10 10 10 10 10 10 10 10 10 10 10 10 10 10 10 10 10 10 10 10 10 10 10 10 10 10 10 10 10 10 10 10 10 10 10 10 10 10 10 10 10 10 10 10 10 10 10 10 10 10 10 10 10 10 10 10 10 10 10 10 10 10 10 10 10 10 10 10 10 10 10 10 10 10 10 10 10 10 10 10 10 10 10 10 10 10 10 10 10 10 10 10 10 10 10 10 10 10 10 10 10