5
14 400
0 1 193 1
1 2 12 5
1 3 150 12
3 4 27 36
3 5 23 43
0 6 145 40
6 7 4 1
6 8 30 3
6 9 78 4
9 10 30 20
9 11 57 19
0 12 132 14
12 13 21 15
12 14 48 10
14 450
0 1 193 1
1 2 12 5
1 3 150 12
3 4 27 36
3 5 23 43
0 6 145 40
6 7 4 1
6 8 30 3
6 9 78 4
9 10 30 20
9 11 57 19
0 12 132 14
12 13 21 15
12 14 48 10
34 4500
0 1 4 2000
0 2 22 2000
0 3 36 2000
0 4 1036 100
4 5 24 2000
5 6 11 100
4 7 23 2000
4 8 6 2000
4 9 949 2000
4 10 16 2000
4 11 28 2000
4 12 28 2000
4 13 110 2000
0 14 1036 100
0 15 336 100
0 16 1688 1000
16 17 36 2000
16 18 123 2000
0 19 88 100
0 20 16 2000
0 21 107 2000
21 22 61 100
22 23 11 100
22 24 16 100
0 25 398 300
25 26 963 2000
26 27 6 100
26 28 28 29
25 29 36 2000
25 30 107 2000
25 31 107 2000
0 32 102 100
0 33 16 2000
0 34 23 94
88 4500
0 1 150 100
0 2 123 109
0 3 14 109
0 4 19 2000
0 5 12 2000
0 6 11 2000
0 7 789 109
7 8 4 2000
7 9 22 2000
7 10 36 2000
7 11 1036 100
11 12 40 100
11 13 24 1350
11 14 4 2000
11 15 24 2000
15 16 11 100
11 17 23 2000
11 18 6 2000
11 19 949 2000
11 20 16 2000
11 21 28 2000
11 22 28 2000
11 23 110 2000
7 24 336 100
7 25 1688 1000
25 26 36 2000
25 27 123 2000
7 28 88 100
7 29 16 2000
7 30 107 2000
30 31 61 100
31 32 11 100
31 33 16 100
7 34 398 300
34 35 963 2000
35 36 6 100
35 37 28 21
34 38 36 2000
34 39 107 2000
34 40 107 2000
7 41 102 100
7 42 16 2000
0 43 4 2000
0 44 12 100
0 45 12 100
0 46 12 100
0 47 12 100
0 48 142 2000
48 49 61 100
48 50 72 100
50 51 9 100
50 52 9 100
50 53 258 100
50 54 258 100
50 55 84 100
55 56 140 100
55 57 140 100
55 58 141 100
55 59 141 100
50 60 17 100
60 61 24 100
50 62 16 100
62 63 150 100
63 64 6 100
63 65 65 100
63 66 140 16
66 67 14 100
66 68 17 100
68 69 9 100
68 70 84 100
66 71 65 100
63 72 342 17
72 73 29 99
73 74 24 100
72 75 6 99
72 76 45 99
76 77 9 66
72 78 84 99
62 79 12 17
0 80 15 109
80 81 165 100
81 82 4 776
81 83 85 776
83 84 75 2000
83 85 6 100
83 86 6 100
81 87 4 2000
81 88 4 2000
988 4500
0 1 565 64
1 2 12 100
2 3 6 100
3 4 637 100
4 5 18 81
5 6 7 100
6 7 22 100
4 8 194 49
8 9 10 100
8 10 10 100
8 11 10 100
8 12 10 100
8 13 10 100
8 14 2 100
8 15 2 100
8 16 2 100
8 17 10 100
8 18 10 100
8 19 10 100
4 20 19 49
20 21 7 100
20 22 26 1
4 23 14 18
23 24 9 100
24 25 19 100
25 26 18 100
25 27 30 100
23 28 109 100
4 29 33 44
29 30 20 88
30 31 25 100
30 32 20 100
29 33 25 88
33 34 59 101
34 35 22 100
34 36 4 1
34 37 6 100
33 38 20 101
4 39 99 19
39 40 22 100
39 41 12 100
41 42 1226 100
42 43 7 100
42 44 7 100
42 45 7 100
42 46 7 100
42 47 7 100
42 48 7 100
42 49 7 100
42 50 7 100
42 51 7 100
42 52 7 100
42 53 7 100
42 54 7 100
42 55 7 100
42 56 7 100
42 57 7 100
42 58 7 100
42 59 7 100
42 60 7 100
42 61 7 100
42 62 7 100
42 63 7 100
42 64 7 100
42 65 7 100
42 66 7 100
42 67 7 100
42 68 7 100
42 69 7 100
42 70 7 100
42 71 7 100
42 72 7 100
42 73 7 100
42 74 7 100
42 75 7 100
42 76 7 100
42 77 7 100
42 78 7 100
42 79 7 100
42 80 7 100
42 81 7 100
42 82 7 100
42 83 7 100
42 84 7 100
42 85 7 100
42 86 7 100
42 87 7 100
42 88 7 100
42 89 7 100
42 90 7 100
42 91 7 100
42 92 7 100
42 93 7 100
42 94 7 100
42 95 7 100
42 96 7 100
42 97 53 100
42 98 53 100
42 99 53 100
42 100 53 100
42 101 53 100
42 102 53 100
42 103 53 100
42 104 53 100
42 105 53 100
42 106 53 100
42 107 53 100
42 108 53 100
42 109 7 100
42 110 7 100
42 111 7 100
42 112 7 100
42 113 7 100
42 114 7 100
42 115 7 100
42 116 7 100
42 117 7 100
42 118 7 100
42 119 7 100
42 120 7 100
42 121 7 100
42 122 7 100
42 123 7 100
42 124 7 100
42 125 7 100
42 126 7 100
42 127 7 100
42 128 7 100
42 129 7 100
42 130 7 100
42 131 7 100
42 132 7 100
42 133 7 100
42 134 7 100
42 135 7 100
42 136 7 100
42 137 7 100
42 138 7 100
42 139 7 100
42 140 7 100
42 141 7 100
42 142 7 100
42 143 18 100
143 144 7 100
143 145 7 100
143 146 7 100
143 147 7 100
143 148 7 100
143 149 7 100
143 150 7 100
143 151 7 100
143 152 7 100
143 153 7 100
143 154 7 100
143 155 7 100
143 156 7 100
143 157 7 100
143 158 7 100
143 159 7 100
143 160 7 100
143 161 7 100
143 162 7 100
143 163 7 100
143 164 7 100
143 165 7 100
143 166 7 100
143 167 7 100
143 168 7 100
143 169 7 100
143 170 7 100
143 171 7 100
143 172 7 100
143 173 7 100
143 174 7 100
143 175 7 100
143 176 7 100
143 177 7 100
42 178 18 100
42 179 18 100
42 180 18 100
42 181 18 100
42 182 18 100
42 183 18 100
42 184 18 100
42 185 18 100
42 186 18 100
42 187 18 100
42 188 18 100
42 189 18 100
42 190 18 100
42 191 18 100
42 192 18 100
42 193 18 100
42 194 18 100
42 195 18 100
42 196 18 100
42 197 59 100
197 198 49 100
42 199 81 100
42 200 49 100
42 201 183 100
201 202 146 100
202 203 30 100
203 204 22 100
203 205 22 98
202 206 22 100
202 207 30 100
202 208 22 100
201 209 153 100
201 210 13 4
210 211 48 100
201 212 13 1
201 213 27 27
42 214 153 100
42 215 146 100
42 216 146 100
42 217 153 100
42 218 183 100
42 219 2 100
42 220 2 100
42 221 2 100
42 222 2 100
42 223 8 100
42 224 8 100
42 225 4 100
42 226 8 100
42 227 2 100
42 228 2 100
42 229 2 100
42 230 2 100
42 231 8 100
42 232 8 100
42 233 8 100
42 234 4 100
39 235 12 15
39 236 7 100
39 237 7 100
39 238 7 100
39 239 7 100
39 240 7 100
39 241 7 100
39 242 7 100
39 243 7 100
39 244 7 100
39 245 7 100
39 246 7 100
39 247 7 100
39 248 7 100
39 249 7 100
39 250 7 100
39 251 7 100
39 252 7 100
39 253 7 100
39 254 7 100
39 255 7 100
39 256 7 100
39 257 7 100
39 258 7 100
39 259 7 100
39 260 7 100
39 261 7 100
39 262 7 100
39 263 7 100
39 264 7 100
39 265 7 100
39 266 7 100
39 267 7 100
39 268 7 100
39 269 7 100
4 270 19 24
4 271 10 100
4 272 10 100
4 273 10 100
4 274 194 6
4 275 19 81
4 276 22 17
276 277 7 25
276 278 26 1
4 279 8 1
4 280 9 1
280 281 99 100
4 282 143 73
282 283 7 100
282 284 7 100
282 285 7 100
282 286 7 100
282 287 7 100
282 288 7 100
282 289 7 100
282 290 7 100
282 291 7 100
282 292 7 100
282 293 7 100
282 294 7 100
282 295 7 100
282 296 7 100
282 297 7 100
282 298 7 100
282 299 7 100
282 300 7 100
282 301 7 100
282 302 7 100
282 303 7 100
282 304 7 100
282 305 7 100
282 306 7 100
282 307 7 100
282 308 7 100
282 309 7 100
282 310 326 56
310 311 56 100
310 312 56 100
310 313 43 100
310 314 43 100
310 315 43 100
310 316 43 100
310 317 43 100
310 318 43 100
310 319 43 100
310 320 4 100
310 321 4 100
310 322 4 100
310 323 2 100
310 324 2 100
310 325 2 100
310 326 2 100
310 327 4 100
310 328 4 100
310 329 2 100
310 330 2 100
310 331 2 100
310 332 2 100
310 333 2 100
310 334 2 100
310 335 2 100
282 336 18 1
336 337 37 100
336 338 37 100
282 339 121 1
282 340 121 1
282 341 121 1
2 342 30 100
2 343 6 100
2 344 95 100
344 345 717 100
345 346 183 100
345 347 153 100
345 348 11 1
348 349 81 100
345 350 2 100
345 351 2 100
345 352 4 100
345 353 4 100
345 354 7 100
345 355 7 100
345 356 7 100
345 357 7 100
345 358 7 100
345 359 7 100
345 360 7 100
345 361 7 100
345 362 7 100
345 363 7 100
345 364 7 100
345 365 7 100
345 366 7 100
345 367 7 100
345 368 7 100
345 369 7 100
345 370 7 100
345 371 7 100
345 372 7 100
345 373 7 100
345 374 7 100
345 375 7 100
345 376 7 100
345 377 7 100
345 378 7 100
345 379 7 100
345 380 7 100
345 381 7 100
345 382 7 100
345 383 7 100
345 384 7 100
345 385 7 100
345 386 7 100
345 387 7 100
345 388 425 1
388 389 183 100
388 390 153 100
388 391 2 100
388 392 2 100
388 393 4 100
388 394 4 100
388 395 4 100
388 396 4 100
388 397 131 100
397 398 183 73
397 399 30 26
397 400 30 5
397 401 4 5
397 402 4 5
397 403 30 5
397 404 2 100
397 405 2 100
388 406 4 100
388 407 4 100
388 408 7 100
388 409 7 100
388 410 7 100
388 411 7 100
388 412 7 100
388 413 7 100
388 414 7 100
388 415 7 100
388 416 7 100
388 417 7 100
388 418 7 100
388 419 7 100
388 420 7 100
388 421 7 100
388 422 7 100
388 423 7 100
388 424 7 100
388 425 7 100
388 426 7 100
388 427 7 100
388 428 7 100
388 429 7 100
388 430 7 100
388 431 7 100
388 432 7 100
388 433 7 100
388 434 7 100
388 435 7 100
388 436 7 100
388 437 7 100
388 438 7 100
388 439 7 100
388 440 7 100
388 441 7 100
345 442 53 1
345 443 62 1
345 444 13 1
345 445 13 1
345 446 18 1
345 447 34 1
345 448 37 1
345 449 115 1
449 450 54 100
449 451 184 100
345 452 226 1
452 453 1052 100
453 454 13 100
453 455 13 100
453 456 34 100
453 457 12 1
453 458 229 100
458 459 13 71
458 460 13 71
458 461 18 71
458 462 34 71
458 463 43 71
458 464 49 146
458 465 145 146
453 466 4 100
453 467 4 100
453 468 4 100
453 469 17 100
453 470 17 100
453 471 4 100
453 472 4 100
453 473 4 100
453 474 53 91
453 475 34 7
453 476 83 7
453 477 11 7
453 478 13 100
453 479 13 100
453 480 34 1
453 481 34 91
453 482 83 92
453 483 11 100
453 484 11 100
453 485 62 91
453 486 17 100
453 487 17 100
453 488 17 100
453 489 17 100
453 490 145 81
453 491 4 100
453 492 4 100
453 493 4 100
452 494 13 100
452 495 13 100
345 496 53 1
496 497 6 14
496 498 53 14
344 499 69 100
2 500 6 100
500 501 85 100
501 502 46 100
501 503 36 100
2 504 48 100
2 505 10 100
2 506 127 100
506 507 433 68
507 508 17 100
507 509 11 1
507 510 17 1
2 511 325 100
511 512 29 1
511 513 29 30
511 514 29 1
511 515 106 17
515 516 29 100
511 517 260 11
517 518 22 100
517 519 10 100
517 520 4 63
517 521 33 12
517 522 156 12
522 523 218 1
523 524 12 1
524 525 1226 100
523 526 12 1
522 527 218 100
522 528 218 100
522 529 218 100
522 530 218 100
522 531 218 100
522 532 218 100
522 533 218 100
522 534 218 100
522 535 218 100
522 536 218 100
517 537 12 63
517 538 53 100
511 539 702 3
539 540 53 100
539 541 62 100
539 542 13 100
539 543 13 100
539 544 18 100
539 545 34 100
539 546 37 100
539 547 55 100
539 548 26 100
539 549 26 100
539 550 10 100
539 551 4 52
539 552 183 150
539 553 26 110
539 554 33 282
539 555 12 132
539 556 4 100
539 557 8 100
539 558 54 282
539 559 19 282
539 560 12 282
539 561 27 282
511 562 33 32
511 563 99 32
2 564 61 100
564 565 6 100
564 566 30 100
564 567 6 100
564 568 95 100
564 569 6 100
564 570 48 100
564 571 10 100
564 572 127 100
564 573 325 100
564 574 229 100
574 575 18 100
574 576 12 100
574 577 145 100
574 578 7 100
564 579 10 100
564 580 6 100
580 581 338 100
581 582 10 100
581 583 4 4
581 584 4 4
581 585 33 97
581 586 9 27
564 587 6 100
587 588 143 100
564 589 6 100
589 590 51 100
590 591 46 100
590 592 36 100
564 593 34 100
564 594 6 100
594 595 51 100
595 596 46 100
595 597 36 100
564 598 22 100
598 599 6 100
564 600 14 100
564 601 10 100
564 602 34 100
564 603 6 100
603 604 133 100
604 605 12 25
604 606 12 5
564 607 127 100
564 608 6 100
608 609 333 100
609 610 18 100
609 611 326 100
611 612 18 100
611 613 18 100
611 614 18 100
611 615 18 100
609 616 77 100
616 617 326 26
609 618 77 100
609 619 201 82
619 620 30 193
619 621 194 96
619 622 12 96
619 623 49 96
619 624 24 96
624 625 27 91
624 626 27 8
619 627 8 100
619 628 8 100
609 629 104 99
629 630 13 100
630 631 7 100
630 632 7 100
630 633 7 100
630 634 7 100
630 635 7 100
630 636 7 100
630 637 7 100
630 638 7 100
630 639 7 100
630 640 7 100
630 641 7 100
630 642 7 100
630 643 7 100
630 644 7 100
630 645 7 100
630 646 7 100
630 647 7 100
630 648 7 100
630 649 7 100
630 650 7 100
630 651 7 100
630 652 7 100
630 653 7 100
630 654 7 100
630 655 7 100
630 656 7 100
630 657 7 100
630 658 7 100
630 659 7 100
630 660 7 100
630 661 7 100
630 662 7 100
630 663 7 100
630 664 7 100
629 665 13 100
629 666 13 100
629 667 13 100
629 668 13 100
629 669 13 34
629 670 18 100
629 671 18 100
629 672 18 100
629 673 18 100
629 674 88 34
674 675 37 100
629 676 37 34
609 677 134 99
677 678 13 100
677 679 13 100
677 680 22 14
609 681 56 99
681 682 199 81
682 683 209 91
683 684 111 1
681 685 199 12
609 686 56 99
564 687 6 100
687 688 334 100
688 689 153 100
688 690 183 100
688 691 11 1
688 692 2 100
688 693 2 100
688 694 2 100
688 695 2 100
688 696 2 100
688 697 2 100
688 698 4 100
688 699 4 100
688 700 4 100
688 701 178 98
701 702 2 100
701 703 2 100
701 704 2 100
701 705 2 100
701 706 2 100
701 707 2 100
701 708 2 100
701 709 58 1
709 710 307 100
710 711 36 100
711 712 7 100
711 713 7 100
711 714 7 100
711 715 7 100
711 716 7 100
711 717 7 100
711 718 7 100
711 719 7 100
711 720 7 100
711 721 7 100
711 722 7 100
711 723 7 100
711 724 7 100
711 725 7 100
711 726 7 100
711 727 7 100
711 728 7 100
711 729 7 100
711 730 7 100
711 731 7 100
711 732 7 100
711 733 7 100
711 734 7 100
711 735 7 100
711 736 7 100
711 737 7 100
711 738 7 100
711 739 7 100
711 740 7 100
711 741 7 100
711 742 7 100
711 743 7 100
711 744 7 100
711 745 7 100
710 746 36 100
710 747 36 100
710 748 6 100
710 749 6 100
710 750 6 100
710 751 6 100
710 752 7 100
710 753 7 100
710 754 7 100
710 755 7 100
710 756 7 100
710 757 7 100
710 758 7 100
710 759 7 100
710 760 7 100
710 761 7 100
710 762 7 100
710 763 7 100
710 764 7 100
710 765 7 100
710 766 7 100
710 767 7 100
710 768 7 100
710 769 7 100
710 770 7 100
710 771 7 100
710 772 7 100
710 773 7 100
710 774 7 100
710 775 7 100
710 776 7 100
710 777 7 100
710 778 7 100
710 779 7 100
710 780 7 100
710 781 7 100
710 782 7 100
710 783 7 100
710 784 7 100
710 785 7 100
710 786 637 98
701 787 8 100
701 788 8 100
701 789 8 100
701 790 2 100
701 791 2 100
701 792 2 100
701 793 4 100
701 794 4 100
701 795 4 100
564 796 6 100
796 797 72 100
797 798 46 100
797 799 36 100
797 800 36 100
564 801 24 100
801 802 307 3
802 803 66 82
802 804 520 82
804 805 70 100
804 806 22 100
804 807 2765 8
807 808 22 100
807 809 39 1
809 810 14 100
807 811 18 40
807 812 17 40
807 813 26 40
807 814 26 40
807 815 15 37
815 816 13 100
815 817 13 100
815 818 13 100
815 819 13 100
815 820 13 100
815 821 13 100
815 822 13 100
815 823 13 100
815 824 13 100
807 825 28 1
825 826 14 100
807 827 17 40
807 828 2 100
807 829 2 100
807 830 2 100
807 831 4 100
807 832 4 100
807 833 4 100
807 834 7 100
807 835 7 100
807 836 7 100
807 837 7 100
807 838 90 100
838 839 135 100
839 840 71 100
840 841 30 100
839 842 13 25
839 843 27 100
807 844 135 100
807 845 10 5
807 846 4 2
807 847 188 2
847 848 17 100
807 849 17 1
807 850 26 1
807 851 14 1
807 852 43 30
807 853 10 42
807 854 4 2
807 855 4 2
807 856 8 2
807 857 10 2
807 858 19 2
807 859 143 42
807 860 27 42
807 861 143 16
807 862 10 4
807 863 52 30
863 864 24 129
807 865 201 2
807 866 34 1
807 867 18 1
807 868 68 1
807 869 20 1
807 870 25 1
807 871 19 40
807 872 69 20
807 873 156 18
807 874 19 18
807 875 143 25
807 876 56 40
804 877 269 104
804 878 586 25
878 879 8 217
878 880 33 1
878 881 55 1
881 882 26 562
878 883 6 1
878 884 17 1
878 885 33 1
878 886 55 1
878 887 6 1
878 888 17 1
804 889 343 25
804 890 32 100
802 891 398 100
891 892 8 102
891 893 33 1
891 894 14 13
801 895 422 96
895 896 66 100
895 897 520 87
895 898 520 1
895 899 398 100
564 900 82 100
564 901 6 100
901 902 280 100
902 903 326 100
902 904 77 100
902 905 104 100
564 906 10 100
564 907 14 100
564 908 33 100
908 909 111 100
909 910 9 100
909 911 10 100
909 912 36 100
564 913 6 100
913 914 2765 100
564 915 10 100
2 916 229 100
2 917 10 100
2 918 6 100
2 919 6 100
2 920 6 100
2 921 34 100
2 922 6 100
2 923 22 100
2 924 14 100
2 925 10 100
2 926 34 100
2 927 6 100
2 928 127 100
2 929 6 100
2 930 6 100
2 931 6 100
2 932 24 100
2 933 82 100
2 934 6 100
2 935 10 100
2 936 14 100
2 937 33 100
2 938 6 100
2 939 10 100
1 940 183 100
1 941 146 100
1 942 2 100
1 943 2 100
1 944 2 100
1 945 2 100
1 946 2 100
1 947 2 100
1 948 58 11
1 949 4 100
1 950 8 100
1 951 4 100
1 952 8 100
0 953 206 5
953 954 12 100
953 955 33 100
953 956 99 100
0 957 518 8
957 958 12 100
957 959 12 100
957 960 12 100
957 961 12 100
957 962 19 100
957 963 19 100
957 964 12 1
957 965 12 1
957 966 12 40
957 967 12 33
0 968 103 9
968 969 12 100
968 970 12 100
0 971 455 5
971 972 12 100
971 973 12 100
971 974 24 100
971 975 24 100
971 976 24 100
0 977 240 1
977 978 12 100
977 979 12 100
977 980 12 3
977 981 12 1
0 982 36 4
982 983 12 100
982 984 12 100
0 985 518 1
0 986 70 1
986 987 9 100
986 988 9 100
